-0.058751,-0.104301,0.259267
-0.066129,-0.088686,0.35171
0.062481,-0.113534,0.23538
-0.027559,-0.139447,0.2077
-0.044017,-0.125016,0.203256
-0.031195,-0.12901,0.203344
-0.031709,-0.412999,0.117825
-0.075325,-0.088793,0.183874
0.102351,-0.185925,0.138716
0.111774,-0.144364,0.143462
0.114619,-0.139417,0.156338
-0.034687,-0.447482,0.076793
0.061437,-0.141138,0.20045
0.088252,-0.152983,0.189185
0.086846,-0.138739,0.172679
0.062029,-0.130033,0.19825
0.091495,-0.119746,0.197307
0.046315,-0.097889,0.221039
-0.050177,-0.139653,0.225863
-0.062896,-0.151722,0.195203
0.163928,-0.077687,0.306342
0.184172,-0.079709,0.366507
-0.174235,-0.074989,0.294392
0.107248,-0.080882,0.358119
-0.037451,-0.08382,0.245485
-0.197281,-0.071871,0.388614
0.003061,-0.171473,-0.185814
0.011354,-0.169457,-0.286224
0.013639,-0.168172,-0.032777
-0.017191,-0.160625,0.050605
0.064376,-0.420191,0.105933
0.07216,-0.342292,0.148454
0.082884,-0.462439,0.057029
0.061317,-0.450496,0.065292
-0.031914,-0.4888,-0.199917
0.029972,-0.491194,-0.187568
-0.012403,-0.497462,0.210558
0.05362,-0.495387,0.186463
-0.069246,-0.460131,0.059914
-0.052652,-0.113285,0.244849
0.090592,-0.072694,0.245598
0.092676,-0.166568,0.160251
-0.107447,-0.290879,0.054226
-0.029254,-0.31224,0.176984
-0.060981,-0.124478,0.194471
0.102801,-0.309818,0.020137
0.196185,0.494896,0.330289
-0.201398,0.493735,0.30634
-0.234402,0.494078,0.369861
0.252822,0.495347,0.350906
-0.046759,-0.094804,0.238049
-0.045383,-0.097194,0.222576
-0.059019,-0.100086,0.233072
-0.061444,-0.125274,0.271659
-0.065188,-0.092025,0.275231
-0.05918,-0.092959,0.25439
-0.061625,-0.080507,0.369849
-0.087642,-0.079427,0.36677
-0.08826,-0.081161,0.348158
-0.088389,-0.080833,0.325415
-0.074189,-0.08519,0.327149
-0.070957,-0.098492,0.327504
-0.061444,-0.104153,0.348761
-0.033544,-0.102286,0.361287
-0.031654,-0.088473,0.36513
0.0635,-0.12323,0.22054
0.075139,-0.122128,0.213653
0.07362,-0.112235,0.226382
0.066832,-0.128138,0.240716
0.065234,-0.134393,0.224494
0.034721,-0.098966,0.233818
0.059973,-0.106437,0.246802
0.071343,-0.116179,0.250848
0.030878,-0.096546,0.244853
-0.04082,-0.143881,0.195093
-0.045798,-0.142707,0.209024
-0.031825,-0.136683,0.218629
-0.041011,-0.131429,0.194588
-0.034982,-0.12621,0.214785
-0.04599,-0.122403,0.222822
-0.060294,-0.136043,0.184503
-0.037869,-0.433066,0.1151
-0.04279,-0.423834,0.140201
-0.03433,-0.399571,0.132323
-0.028574,-0.382137,0.119321
-0.02703,-0.406485,0.102623
-0.031557,-0.434113,0.094235
-0.050794,-0.099048,0.206899
-0.017765,-0.096208,0.207252
-0.025498,-0.088297,0.197144
-0.03022,-0.08082,0.188885
-0.081719,-0.088917,0.165875
-0.09998,-0.101892,0.180892
-0.068228,-0.102381,0.209257
0.121064,-0.216414,0.092865
0.135572,-0.193295,0.078953
0.116825,-0.171635,0.12196
0.089407,-0.159277,0.148409
0.100614,-0.170075,0.186567
0.100291,-0.209419,0.149475
0.108211,-0.239123,0.109508
0.102271,-0.188681,0.192605
0.09746,-0.148411,0.146916
0.122981,-0.157493,0.11515
0.129951,-0.147314,0.115886
0.138382,-0.140885,0.120791
0.147783,-0.132698,0.126823
0.119055,-0.128208,0.165053
0.088796,-0.127161,0.186313
-0.037897,-0.452936,0.087944
-0.032324,-0.43072,0.079917
-0.042324,-0.426324,0.06662
-0.045037,-0.448045,0.065118
-0.052283,-0.45866,0.077001
0.06812,-0.143745,0.190793
0.069768,-0.133461,0.189375
0.062806,-0.139188,0.210183
0.074771,-0.144441,0.202173
0.060772,-0.126945,0.208567
0.078944,-0.148925,0.176964
0.078638,-0.140565,0.221053
0.091532,-0.14611,0.220489
0.099958,-0.157632,0.224456
0.072782,-0.125222,0.199857
0.122493,-0.119665,0.167156
0.126643,-0.108923,0.168606
0.100622,-0.111038,0.205339
-0.010897,-0.096155,0.219229
-0.011528,-0.095517,0.228906
0.092725,-0.095344,0.204069
0.083795,-0.092563,0.198032
0.034805,-0.095569,0.209449
-0.061115,-0.14368,0.228761
-0.052156,-0.134218,0.243779
-0.042015,-0.134114,0.234113
-0.05668,-0.145572,0.181207
-0.076489,-0.151915,0.14914
-0.073103,-0.165421,0.152771
-0.077439,-0.176147,0.159306
-0.07328,-0.16319,0.19877
-0.069473,-0.15223,0.233429
0.164448,-0.078714,0.320826
0.144723,-0.078768,0.319471
0.148356,-0.077186,0.300154
0.154417,-0.077921,0.287709
0.173241,-0.078105,0.299916
0.18013,-0.07905,0.318558
0.171391,-0.079142,0.37099
0.166669,-0.079503,0.358727
0.184418,-0.080007,0.356339
0.195523,-0.079945,0.355616
0.192031,-0.079514,0.369566
0.176978,-0.078694,0.380005
-0.180771,-0.074454,0.289225
-0.160155,-0.07519,0.280428
-0.158013,-0.075166,0.291209
-0.156358,-0.075686,0.30387
-0.177497,-0.075008,0.303076
-0.188272,-0.073749,0.299536
0.114591,-0.078909,0.375598
0.08271,-0.079322,0.380098
0.077858,-0.08177,0.368026
0.093829,-0.089335,0.350642
0.102125,-0.086613,0.336697
0.118456,-0.081,0.33928
0.073851,-0.08879,0.359505
-0.06404,-0.085033,0.262122
-0.076534,-0.079523,0.263219
-0.072819,-0.077297,0.251877
-0.066204,-0.069834,0.242422
-0.016234,-0.073491,0.243081
-0.020132,-0.092214,0.239251
-0.197246,-0.074184,0.376924
-0.185823,-0.076402,0.376819
-0.188834,-0.074065,0.391072
-0.191859,-0.070282,0.399322
-0.20156,-0.06829,0.392677
-0.205328,-0.070322,0.378013
0.000658,-0.171358,-0.165042
0.032223,-0.171326,-0.167159
0.023733,-0.171738,-0.193491
-0.018699,-0.173266,-0.196005
-0.033119,-0.172615,-0.169504
0.003222,-0.172193,-0.214663
0.025131,-0.169949,-0.279775
0.032401,-0.1678,-0.291619
0.012192,-0.167587,-0.296851
-0.00485,-0.17068,-0.28319
0.008486,-0.170814,-0.270228
-0.010946,-0.168967,-0.295745
0.033116,-0.167503,-0.020907
0.046232,-0.168109,-0.044732
0.018306,-0.168388,-0.052611
-0.011333,-0.168879,-0.051182
-0.003557,-0.168652,-0.025368
0.016979,-0.165907,-0.004075
-0.00521,-0.160039,0.049787
-0.014187,-0.161707,0.038687
-0.026281,-0.161083,0.043546
-0.019681,-0.158269,0.058884
-0.002374,-0.156693,0.061119
-0.035114,-0.158534,0.050624
0.072757,-0.409224,0.120479
0.086122,-0.436248,0.130008
0.070336,-0.439293,0.103552
0.053347,-0.418077,0.092308
0.059085,-0.393885,0.107178
0.058866,-0.439307,0.085619
0.065775,-0.362739,0.117266
0.07489,-0.354688,0.098879
0.079247,-0.326492,0.121252
0.083222,-0.287867,0.149669
0.067398,-0.301133,0.170038
0.077917,-0.374041,0.166023
0.07304,-0.377038,0.133858
0.094333,-0.458916,0.031785
0.091156,-0.447912,0.032107
0.075837,-0.449693,0.048601
0.064952,-0.457958,0.075786
0.094663,-0.472332,0.058095
0.099477,-0.469874,0.032286
0.07293,-0.434488,0.052571
0.059008,-0.436706,0.069031
-0.041117,-0.489495,-0.184387
-0.059141,-0.488523,-0.196883
-0.040371,-0.488025,-0.21493
-0.010854,-0.49028,-0.20736
-0.013252,-0.490659,-0.185166
-0.011229,-0.49018,-0.225495
0.039757,-0.490768,-0.200844
0.05828,-0.491143,-0.180994
0.038997,-0.491328,-0.171643
0.01165,-0.491268,-0.188209
0.01623,-0.491012,-0.209247
0.01306,-0.491477,-0.166022
-0.017972,-0.496516,0.197606
-0.002463,-0.495735,0.193279
0.002218,-0.497076,0.20946
0.00373,-0.498639,0.21907
-0.016938,-0.49883,0.218579
-0.029502,-0.497341,0.202852
0.061924,-0.496625,0.194447
0.044789,-0.496493,0.202425
0.03907,-0.494938,0.189123
0.03464,-0.493916,0.16521
0.052885,-0.494111,0.166371
0.065623,-0.495182,0.169003
-0.066318,-0.442935,0.050665
-0.0888,-0.455035,0.034653
-0.093018,-0.467019,0.038254
-0.079528,-0.469944,0.066249
-0.08668,-0.442013,0.032105
-0.060665,-0.136342,0.252314
-0.070406,-0.147215,0.265307
-0.05301,-0.117083,0.232876
0.075422,-0.086337,0.250479
0.036531,-0.077108,0.248496
0.043101,-0.068158,0.241387
0.04667,-0.056771,0.238907
0.095633,-0.056504,0.24401
0.104728,-0.080657,0.250804
0.090221,-0.092192,0.252547
-0.097478,-0.340187,0.038094
-0.06583,-0.350509,0.067737
-0.07517,-0.319147,0.091084
-0.074546,-0.291583,0.118553
-0.098438,-0.261806,0.099097
-0.117389,-0.230069,0.0875
-0.130657,-0.242095,0.043364
-0.127971,-0.28984,-0.004281
-0.11827,-0.335105,-0.004766
-0.145152,-0.247511,-0.009126
-0.033752,-0.280753,0.211731
-0.056636,-0.267844,0.198222
-0.052357,-0.292477,0.162573
-0.000348,-0.312443,0.192299
-0.004291,-0.287438,0.220161
-0.053224,-0.314613,0.136893
-0.037967,-0.329714,0.148241
-0.021058,-0.346099,0.183354
0.001925,-0.342756,0.195488
-0.032967,-0.35164,0.162654
-0.095554,-0.140524,0.167011
-0.086095,-0.146193,0.158854
-0.068236,-0.115519,0.205294
-0.102835,-0.127651,0.173784
0.121292,-0.265577,-0.001816
0.120101,-0.245833,0.044803
0.105693,-0.274744,0.067056
0.095853,-0.303823,0.094652
0.084095,-0.335449,0.068534
0.081435,-0.370377,0.048547
0.099119,-0.360016,0.007447
0.174302,0.494784,0.329383
0.178882,0.49445,0.36279
0.205014,0.49484,0.350307
0.208374,0.494788,0.309299
0.179645,0.49454,0.296545
0.225667,0.495196,0.330929
-0.18266,0.493939,0.298627
-0.190111,0.494069,0.277538
-0.214908,0.493619,0.292739
-0.230057,0.493912,0.313891
-0.206432,0.493919,0.324637
-0.180493,0.494299,0.327354
-0.24516,0.494113,0.376464
-0.227064,0.493477,0.395647
-0.220042,0.493662,0.382819
-0.214642,0.493696,0.367278
-0.237062,0.493919,0.35541
-0.252465,0.494324,0.356103
0.264621,0.495451,0.352719
0.264517,0.495536,0.329019
0.250622,0.495439,0.335956
0.23573,0.495154,0.352184
0.243323,0.494998,0.365266
0.252555,0.49474,0.375411
0.260766,0.494366,0.383107
0.274963,0.495433,0.355447
0.222065,0.494149,0.385329
0.228853,0.493669,0.396755
0.234937,0.493082,0.406794
0.240235,0.492024,0.415836
0.268993,0.493498,0.389844
0.195516,0.493025,0.412183
0.199166,0.492303,0.422578
0.202543,0.490724,0.432412
0.205584,0.486832,0.44119
0.244997,0.489156,0.424657
0.160577,0.492003,0.431651
0.163076,0.49082,0.442095
0.165103,0.485434,0.450593
0.16639,0.476182,0.455562
0.208098,0.478147,0.446238
0.122746,0.490589,0.44767
0.124106,0.484936,0.45578
0.125025,0.475035,0.459807
0.125874,0.463675,0.46298
0.167994,0.46586,0.458466
0.082522,0.485121,0.458843
0.083183,0.474507,0.462599
0.083791,0.46245,0.466019
0.084364,0.450859,0.469063
0.126792,0.452698,0.465779
0.040416,0.475073,0.464768
0.041042,0.462632,0.468695
0.041549,0.450249,0.472013
0.042075,0.439947,0.476199
0.085018,0.440982,0.473228
-0.002093,0.463895,0.469366
-0.001894,0.451307,0.473031
-0.001682,0.440669,0.477388
-0.001644,0.431024,0.480939
0.042535,0.430682,0.478494
-0.044318,0.45363,0.471514
-0.04455,0.442852,0.474984
-0.044766,0.433534,0.479001
-0.044471,0.425904,0.474141
-0.001301,0.425135,0.473993
-0.086885,0.445415,0.471629
-0.087535,0.435949,0.475965
-0.087641,0.426654,0.474284
-0.086997,0.424774,0.464499
-0.043921,0.424336,0.464395
-0.130327,0.438769,0.470541
-0.130958,0.429579,0.471839
-0.130425,0.425327,0.463897
-0.129446,0.424725,0.454258
-0.086301,0.424467,0.454592
-0.174431,0.433781,0.465078
-0.174041,0.426343,0.460237
-0.171479,0.425079,0.450721
-0.170252,0.420943,0.442822
-0.128827,0.419521,0.444778
-0.215659,0.429724,0.453144
-0.213154,0.42546,0.444699
-0.211206,0.421425,0.438033
-0.210759,0.413574,0.434898
-0.171016,0.411276,0.439592
-0.252323,0.42775,0.431867
-0.24783,0.423454,0.425582
-0.244891,0.41562,0.42231
-0.242587,0.400511,0.421208
-0.210802,0.401211,0.433705
-0.271082,0.42279,0.400017
-0.266896,0.414048,0.398341
-0.264423,0.399151,0.39854
-0.263783,0.381132,0.400088
-0.241816,0.382496,0.421958
-0.275312,0.410675,0.366939
-0.273441,0.397904,0.368229
-0.273002,0.381064,0.369908
-0.271514,0.34651,0.372678
-0.262334,0.347284,0.401777
-0.274273,0.396954,0.333406
-0.274186,0.380715,0.335341
-0.272202,0.346594,0.338529
-0.269743,0.303158,0.341581
-0.269017,0.303398,0.375251
-0.265459,0.380677,0.299128
-0.264728,0.347365,0.302245
-0.263796,0.303856,0.305833
-0.261989,0.259549,0.308307
-0.266339,0.259079,0.343513
-0.244804,0.348598,0.271841
-0.245447,0.305142,0.275312
-0.244544,0.260915,0.2784
-0.243141,0.216323,0.280961
-0.259823,0.214912,0.310311
-0.218556,0.306462,0.2544
-0.21979,0.262395,0.25703
-0.220198,0.217972,0.259271
-0.219615,0.173471,0.261298
-0.240799,0.17152,0.283583
-0.187755,0.263886,0.247969
-0.190183,0.219758,0.248657
-0.191673,0.17559,0.249457
-0.192481,0.131449,0.250145
-0.218034,0.129132,0.263106
-0.154041,0.221085,0.246701
-0.157198,0.17745,0.248088
-0.159558,0.133679,0.248584
-0.161213,0.089694,0.247885
-0.192968,0.087156,0.249936
-0.115678,0.177735,0.246667
-0.119036,0.134788,0.247425
-0.121601,0.091479,0.246845
-0.122483,0.048297,0.246659
-0.16205,0.045738,0.247545
-0.075291,0.133834,0.246862
-0.07795,0.090468,0.246273
-0.080353,0.045819,0.24631
-0.084645,0.002728,0.2444
-0.123187,0.007339,0.245563
-0.03524,0.088077,0.246596
-0.039263,0.041135,0.246283
-0.045459,-0.003157,0.243567
-0.052507,-0.031458,0.240769
-0.092084,-0.025775,0.242923
0.002355,0.035659,0.247746
-0.001586,-0.008361,0.243725
-0.004445,-0.037215,0.240037
-0.005573,-0.05092,0.23739
-0.05737,-0.047305,0.238612
0.045768,-0.010717,0.245216
0.047794,-0.043327,0.241489
0.087945,0.000181,0.247793
0.095429,-0.036266,0.246162
0.131352,0.003002,0.251094
0.130565,-0.030929,0.250812
0.134626,-0.051947,0.252701
0.136019,-0.064756,0.252625
0.167219,-0.03537,0.257844
0.166804,-0.053131,0.259373
0.16748,-0.064927,0.260187
0.167131,-0.074333,0.261982
0.13815,-0.072185,0.253899
0.197042,-0.057074,0.274054
0.196687,-0.06782,0.274984
0.193229,-0.075834,0.279099
0.187304,-0.078931,0.285536
0.164226,-0.079042,0.268984
0.215166,-0.067401,0.303079
0.210398,-0.074552,0.306114
0.201621,-0.078084,0.310413
0.191851,-0.079162,0.314484
0.180155,-0.078869,0.293009
0.215989,-0.075706,0.333606
0.2064,-0.07859,0.33517
0.195091,-0.079765,0.337054
0.181602,-0.079924,0.339683
0.205117,-0.078917,0.356671
0.21321,-0.07625,0.358487
0.203133,-0.076108,0.377994
0.197607,-0.078603,0.37343
0.185926,-0.075594,0.393217
0.181592,-0.077709,0.386748
0.15937,-0.073349,0.403581
0.156161,-0.076697,0.395304
0.152218,-0.077871,0.385752
0.14793,-0.078651,0.3746
0.123477,-0.075874,0.399709
0.119953,-0.07747,0.388607
0.088881,-0.076205,0.404564
0.086339,-0.077625,0.392357
0.052757,-0.07572,0.409749
0.050917,-0.077141,0.3974
0.049211,-0.078858,0.38596
0.046088,-0.081269,0.37547
0.012216,-0.076724,0.400373
0.01029,-0.078405,0.388671
0.007864,-0.080938,0.377499
0.005328,-0.087039,0.368139
0.043886,-0.086945,0.366189
-0.026554,-0.078559,0.387367
-0.027307,-0.08102,0.375102
-0.058991,-0.07822,0.383971
-0.02463,-0.076958,0.4
-0.058039,-0.076832,0.39751
-0.088377,-0.076383,0.396515
-0.088067,-0.077637,0.381893
-0.119001,-0.076049,0.395895
-0.116453,-0.07762,0.381337
-0.114041,-0.079205,0.365486
-0.110195,-0.080277,0.34623
-0.145143,-0.077389,0.379735
-0.141577,-0.078723,0.363374
-0.135974,-0.079345,0.343019
-0.130915,-0.078466,0.320569
-0.106279,-0.079721,0.323004
-0.1654,-0.078108,0.360947
-0.161553,-0.078009,0.340836
-0.15765,-0.076828,0.320807
-0.128776,-0.076666,0.30141
-0.180272,-0.077278,0.338514
-0.178237,-0.076012,0.318119
-0.193673,-0.075594,0.336546
-0.191259,-0.074268,0.31456
-0.204166,-0.072959,0.334789
-0.200812,-0.072071,0.311151
-0.194653,-0.071951,0.29488
-0.208031,-0.067387,0.308273
-0.20028,-0.068177,0.290259
-0.187107,-0.068386,0.276377
-0.18403,-0.073033,0.282699
-0.16396,-0.066473,0.263757
-0.162177,-0.073088,0.270805
-0.134507,-0.065887,0.255226
-0.133564,-0.074304,0.263171
-0.130713,-0.076836,0.273444
-0.10087,-0.075664,0.255456
-0.100071,-0.078866,0.266167
-0.099902,-0.076909,0.281018
-0.128572,-0.07691,0.28585
-0.102803,-0.077158,0.300149
-0.080144,-0.077227,0.279971
-0.084938,-0.07822,0.301788
-0.067787,-0.081238,0.280484
-0.072386,-0.081361,0.304857
-0.069104,-0.093244,0.304279
-0.07049,-0.109564,0.298393
-0.066007,-0.117587,0.322553
-0.063727,-0.144633,0.309435
-0.051199,-0.153877,0.323476
-0.053628,-0.124555,0.339037
-0.06835,-0.134516,0.29482
-0.071031,-0.160824,0.274429
-0.065044,-0.173942,0.285063
-0.067412,-0.197954,0.254149
-0.054533,-0.214591,0.267131
-0.052641,-0.186625,0.298483
-0.073567,-0.180422,0.243544
-0.074716,-0.197763,0.208832
-0.06922,-0.220931,0.220069
-0.073629,-0.16506,0.237327
-0.075463,-0.178773,0.202935
-0.079439,-0.19304,0.165215
-0.07728,-0.214436,0.172848
-0.083591,-0.235801,0.135057
-0.070337,-0.266524,0.148309
-0.07116,-0.243613,0.184197
-0.097994,-0.210322,0.127712
-0.104965,-0.186582,0.122024
-0.131847,-0.197221,0.081694
-0.14911,-0.20457,0.036257
-0.109649,-0.168263,0.11907
-0.14102,-0.171374,0.078794
-0.163916,-0.175967,0.033657
-0.17976,-0.177794,-0.017735
-0.164428,-0.209915,-0.014192
-0.145801,-0.155019,0.077858
-0.171226,-0.156764,0.032052
-0.190833,-0.157477,-0.018813
-0.20063,-0.158105,-0.074336
-0.190132,-0.179972,-0.071991
-0.181969,-0.145054,0.034071
-0.200691,-0.145059,-0.018466
-0.212166,-0.145728,-0.075275
-0.212847,-0.146278,-0.135843
-0.202211,-0.160537,-0.132845
-0.206605,-0.134953,-0.018614
-0.218319,-0.134458,-0.076132
-0.21892,-0.134094,-0.137794
-0.206497,-0.135051,-0.199682
-0.20097,-0.148017,-0.196988
-0.220594,-0.123451,-0.077459
-0.22143,-0.122703,-0.139291
-0.207797,-0.122983,-0.200805
-0.189366,-0.124819,-0.261975
-0.188009,-0.137785,-0.261219
-0.222196,-0.111684,-0.140122
-0.208294,-0.111894,-0.201522
-0.189937,-0.113064,-0.262344
-0.159856,-0.113814,-0.321011
-0.159494,-0.126342,-0.32096
-0.204184,-0.10291,-0.200907
-0.18571,-0.103178,-0.26076
-0.157583,-0.102918,-0.319327
-0.117142,-0.102116,-0.372001
-0.119058,-0.114141,-0.374692
-0.176774,-0.099877,-0.257177
-0.149182,-0.09877,-0.313637
-0.110032,-0.098232,-0.363631
-0.055879,-0.097839,-0.399048
-0.060093,-0.101244,-0.409418
-0.140141,-0.097913,-0.307372
-0.102476,-0.097829,-0.354747
-0.051467,-0.097463,-0.388122
0.010236,-0.097513,-0.400341
0.010158,-0.097463,-0.411725
-0.095388,-0.097444,-0.34609
-0.047148,-0.097305,-0.377455
0.01047,-0.097356,-0.388745
0.067083,-0.097919,-0.375405
0.071262,-0.098046,-0.386379
-0.042876,-0.097169,-0.366677
0.010419,-0.097143,-0.377179
0.062742,-0.097747,-0.364771
0.105808,-0.098103,-0.333227
0.112978,-0.098345,-0.342062
0.010362,-0.096988,-0.366299
0.05871,-0.097585,-0.354203
0.098724,-0.097921,-0.324843
0.127192,-0.098495,-0.283315
0.136124,-0.098358,-0.289439
0.054622,-0.097494,-0.343753
0.091503,-0.097802,-0.316596
0.118644,-0.098736,-0.277469
0.137658,-0.099608,-0.232834
0.147206,-0.099494,-0.236547
0.084895,-0.098747,-0.308569
0.109902,-0.099876,-0.271938
0.127966,-0.100426,-0.229299
0.142263,-0.100628,-0.18428
0.15217,-0.100245,-0.185989
0.102323,-0.104198,-0.267545
0.119294,-0.103785,-0.226035
0.132716,-0.103287,-0.182793
0.139951,-0.102905,-0.138614
0.149936,-0.100729,-0.138514
0.113842,-0.111739,-0.224009
0.127193,-0.111029,-0.18211
0.133043,-0.109331,-0.138833
0.13316,-0.107638,-0.095249
0.141211,-0.102585,-0.09426
0.124979,-0.120689,-0.182123
0.130099,-0.118264,-0.139295
0.129354,-0.116746,-0.096342
0.124718,-0.11671,-0.055659
0.129177,-0.108172,-0.053918
0.128577,-0.128111,-0.139664
0.127251,-0.126212,-0.097389
0.121857,-0.125758,-0.056654
0.10737,-0.122637,-0.020899
0.110418,-0.112719,-0.020486
0.125338,-0.135784,-0.097821
0.11876,-0.135021,-0.057604
0.104565,-0.132553,-0.021476
0.090274,-0.128815,0.010973
0.091294,-0.117347,0.010773
0.117327,-0.144165,-0.058184
0.103645,-0.142968,-0.021657
0.091116,-0.139948,0.011239
0.07399,-0.136245,0.037914
0.073549,-0.124811,0.036989
0.103491,-0.153337,-0.021629
0.091074,-0.151625,0.010672
0.07253,-0.147154,0.038237
0.051178,-0.142337,0.059498
0.052056,-0.131332,0.059792
0.083944,-0.158953,0.008198
0.067181,-0.155984,0.035066
0.046214,-0.151336,0.054331
0.02205,-0.150239,0.066569
0.025334,-0.141227,0.073148
0.058483,-0.161203,0.028202
0.038878,-0.156815,0.04664
0.017698,-0.156854,0.058266
-0.001359,-0.149754,0.069648
0.029892,-0.159902,0.037323
0.01118,-0.159415,0.046195
0.017454,-0.16333,0.024162
0.000477,-0.161968,0.033083
-0.000605,-0.165786,0.0079
-0.017025,-0.166926,0.016724
-0.031261,-0.165982,0.023666
-0.050441,-0.166808,-0.000544
-0.060845,-0.164335,0.004808
-0.041638,-0.163623,0.02959
-0.037729,-0.168398,-0.007025
-0.053097,-0.16829,-0.036766
-0.065757,-0.167124,-0.031519
-0.021775,-0.168998,-0.015447
-0.035575,-0.169129,-0.043795
-0.041675,-0.16965,-0.075183
-0.062475,-0.168058,-0.070047
-0.011043,-0.170173,-0.080101
-0.008043,-0.170031,-0.10899
-0.042941,-0.169723,-0.107145
0.026189,-0.168851,-0.079834
0.031054,-0.169362,-0.108587
0.055735,-0.16877,-0.07433
0.06125,-0.169031,-0.105951
0.063134,-0.170264,-0.13833
0.03344,-0.170342,-0.137887
-0.003938,-0.170833,-0.137953
-0.040369,-0.171122,-0.139021
-0.060819,-0.171684,-0.174759
-0.066901,-0.169603,-0.139591
-0.067016,-0.167549,-0.104383
-0.084705,-0.168574,-0.139516
-0.082664,-0.166177,-0.102195
-0.076423,-0.166297,-0.066342
-0.09466,-0.164858,-0.100229
-0.087386,-0.164765,-0.063212
-0.076097,-0.164858,-0.027157
-0.097037,-0.162489,-0.060103
-0.084863,-0.162126,-0.02334
-0.069411,-0.161206,0.009464
-0.092405,-0.157612,-0.020112
-0.077483,-0.156147,0.013803
-0.058086,-0.153666,0.039834
-0.050693,-0.159721,0.035216
-0.040625,-0.152594,0.057222
-0.062504,-0.145167,0.042591
-0.044447,-0.144046,0.062748
-0.023769,-0.142799,0.073697
-0.022148,-0.151475,0.067015
-0.000369,-0.141358,0.076937
-0.023263,-0.131128,0.075542
0.000572,-0.130071,0.078531
0.026607,-0.129753,0.074778
0.001713,-0.11855,0.078157
0.026984,-0.118475,0.073826
0.051161,-0.120739,0.058503
0.028125,-0.107539,0.073435
0.051558,-0.110303,0.058745
0.073732,-0.113618,0.037398
0.055136,-0.100553,0.062897
0.076301,-0.103701,0.040332
0.093869,-0.10697,0.01175
0.082947,-0.097824,0.047227
0.100885,-0.100338,0.016327
0.11709,-0.105866,-0.017456
0.10976,-0.097869,0.022739
0.12535,-0.101939,-0.012958
0.137037,-0.10293,-0.051602
0.134851,-0.099722,-0.007636
0.14624,-0.100835,-0.04904
0.150954,-0.100923,-0.093135
0.156655,-0.100141,-0.046041
0.161987,-0.100313,-0.091884
0.160334,-0.100285,-0.138574
0.173271,-0.100171,-0.090431
0.171462,-0.10018,-0.138898
0.162253,-0.100119,-0.188029
0.182767,-0.100167,-0.139498
0.172667,-0.100082,-0.190249
0.156921,-0.099496,-0.240388
0.183598,-0.10015,-0.192457
0.167196,-0.099563,-0.244775
0.145286,-0.098376,-0.296167
0.177489,-0.099753,-0.249364
0.154584,-0.098511,-0.30292
0.120313,-0.098566,-0.351112
0.163721,-0.098944,-0.309404
0.127794,-0.098977,-0.360219
0.07539,-0.098028,-0.397569
0.134843,-0.102119,-0.368285
0.079453,-0.100718,-0.407832
0.010319,-0.100231,-0.423723
0.08039,-0.112989,-0.411826
0.009791,-0.11319,-0.42557
-0.060755,-0.114455,-0.411657
0.009445,-0.127119,-0.425633
-0.06003,-0.128145,-0.411977
-0.118119,-0.127384,-0.374752
-0.058376,-0.145575,-0.408759
-0.116249,-0.143617,-0.373385
-0.158154,-0.140619,-0.320429
-0.110452,-0.160972,-0.367115
-0.152662,-0.156345,-0.317092
-0.182136,-0.152132,-0.258282
-0.146905,-0.17809,-0.310748
-0.175251,-0.170159,-0.253628
-0.192954,-0.164375,-0.192979
-0.166811,-0.196607,-0.244958
-0.18513,-0.189156,-0.18728
-0.192061,-0.183541,-0.128686
-0.172012,-0.221982,-0.177801
-0.178139,-0.217351,-0.122203
-0.174063,-0.213485,-0.067448
-0.162534,-0.254906,-0.113697
-0.156621,-0.251031,-0.061384
-0.145807,-0.2947,-0.104091
-0.140608,-0.291274,-0.055372
-0.131498,-0.335903,-0.09577
-0.127207,-0.333803,-0.050724
-0.121247,-0.376579,-0.089622
-0.118356,-0.375804,-0.047428
-0.106175,-0.377121,-0.006742
-0.117834,-0.412834,-0.044581
-0.105428,-0.414519,-0.004912
-0.086809,-0.418288,0.030106
-0.088766,-0.382159,0.029687
-0.063887,-0.422394,0.051603
-0.061474,-0.388473,0.05397
-0.040721,-0.395394,0.074382
-0.045277,-0.36322,0.091965
-0.029704,-0.400737,0.087873
-0.03214,-0.369774,0.104273
-0.038486,-0.347622,0.126438
-0.051156,-0.336983,0.11341
-0.033587,-0.362884,0.140187
-0.036749,-0.38628,0.155063
-0.032034,-0.381307,0.17805
-0.042463,-0.417351,0.167372
-0.034017,-0.414299,0.189858
-0.017479,-0.413408,0.206743
-0.017568,-0.37863,0.196157
0.006137,-0.412787,0.216267
0.00544,-0.376877,0.206046
0.034344,-0.412268,0.215003
0.033205,-0.375649,0.205378
0.029686,-0.341177,0.195955
0.059949,-0.374194,0.192768
0.05604,-0.339749,0.183761
0.04939,-0.307857,0.18736
0.025157,-0.310136,0.193432
0.053334,-0.284094,0.213713
0.025935,-0.287852,0.220337
0.056728,-0.258603,0.245967
0.0276,-0.263538,0.252527
-0.004533,-0.263032,0.253062
0.028653,-0.234841,0.285965
-0.003373,-0.2343,0.286223
-0.032559,-0.227137,0.279204
-0.034267,-0.254746,0.246145
-0.056384,-0.240682,0.234453
-0.002707,-0.200863,0.317421
-0.031244,-0.195592,0.30967
-0.001597,-0.159858,0.339545
-0.029782,-0.1584,0.332952
-0.000651,-0.121787,0.356116
-0.031498,-0.124214,0.349701
0.002841,-0.099427,0.365829
0.036961,-0.120857,0.353909
0.04235,-0.099113,0.363905
0.06428,-0.122171,0.345446
0.070405,-0.100734,0.355431
0.081609,-0.121706,0.333246
0.088093,-0.102106,0.345198
0.092432,-0.118466,0.320168
0.09782,-0.099969,0.332232
0.098278,-0.113571,0.306162
0.100535,-0.095126,0.315056
0.107107,-0.082455,0.317578
0.103255,-0.093429,0.291378
0.109812,-0.079344,0.292652
0.127159,-0.07731,0.295838
0.124099,-0.079412,0.317697
0.142328,-0.08002,0.341976
0.16384,-0.079708,0.342013
0.141727,-0.079441,0.359941
0.115861,-0.083279,0.273891
0.133084,-0.078721,0.280212
0.118728,-0.088657,0.263394
0.137026,-0.08046,0.26921
0.159415,-0.078883,0.278614
0.138482,-0.079316,0.259162
0.113593,-0.086267,0.255434
0.107387,-0.100507,0.263412
0.099725,-0.097274,0.256456
0.088809,-0.108373,0.25787
0.080142,-0.103609,0.25326
0.095646,-0.111104,0.265294
0.087419,-0.124964,0.263062
0.079625,-0.12127,0.256351
0.109929,-0.097938,0.274984
0.100546,-0.111943,0.275275
0.093071,-0.128942,0.270466
0.097841,-0.144623,0.253594
0.089693,-0.138193,0.247517
0.102025,-0.111641,0.289084
0.096797,-0.13376,0.279642
0.100601,-0.154837,0.260396
0.101688,-0.172047,0.230275
0.096928,-0.140614,0.290798
0.099232,-0.165953,0.269285
0.099841,-0.188152,0.239223
0.099961,-0.209861,0.203576
0.093416,-0.177901,0.281415
0.093371,-0.204164,0.251241
0.093354,-0.231289,0.21771
0.089772,-0.259232,0.181642
0.097739,-0.234315,0.16362
0.079729,-0.219238,0.266056
0.079212,-0.247674,0.233696
0.075168,-0.275269,0.200081
0.057741,-0.229914,0.279032
0.07976,-0.188596,0.295436
0.058217,-0.196952,0.308847
0.029591,-0.200942,0.316943
0.05854,-0.158046,0.329816
0.031681,-0.159341,0.338931
0.078565,-0.154395,0.317223
0.09084,-0.147957,0.303154
0.097559,-0.265866,0.128456
0.078891,-0.134011,0.242239
0.065856,-0.09666,0.251245
0.027371,-0.087928,0.251767
0.06148,-0.410813,0.202801
0.082235,-0.408178,0.180673
0.060862,-0.444402,0.20946
0.084227,-0.441963,0.190442
0.093383,-0.439268,0.16079
0.085537,-0.404348,0.14983
0.087007,-0.459368,0.199203
0.098718,-0.457772,0.167429
0.095677,-0.45574,0.131265
0.079685,-0.45756,0.098204
0.102313,-0.468988,0.170547
0.101833,-0.466534,0.132103
0.091665,-0.465267,0.092954
0.104516,-0.476563,0.133748
0.098477,-0.475034,0.094233
0.107043,-0.486347,0.134709
0.101778,-0.484669,0.095678
0.098555,-0.48241,0.060041
0.103357,-0.480781,0.032235
0.100548,-0.49362,0.096172
0.097945,-0.491528,0.061096
0.102579,-0.490758,0.031716
0.112796,-0.492387,0.000579
0.115295,-0.481058,0.001521
0.089126,-0.495187,0.0615
0.092887,-0.494747,0.029106
0.102042,-0.494873,-0.002893
0.08264,-0.494968,0.027516
0.089585,-0.493589,-0.006085
0.099359,-0.493108,-0.040508
0.111609,-0.495033,-0.038561
0.122661,-0.493689,-0.036872
0.117073,-0.49525,-0.080357
0.128168,-0.494813,-0.080253
0.132954,-0.486584,-0.080676
0.126381,-0.483525,-0.036892
0.13081,-0.475222,-0.081584
0.1249,-0.471812,-0.037952
0.113388,-0.469246,0.001354
0.123568,-0.460071,-0.038586
0.112316,-0.457783,0.001604
0.121744,-0.44758,-0.039213
0.111462,-0.446506,0.00179
0.119363,-0.432219,-0.039911
0.110251,-0.43092,0.002237
0.089431,-0.432704,0.033285
0.105056,-0.40101,0.002755
0.085759,-0.404509,0.037846
0.068301,-0.409932,0.062494
0.055428,-0.413931,0.075924
0.067761,-0.381913,0.076849
0.054128,-0.384457,0.089687
0.114632,-0.402783,-0.041258
0.110573,-0.361388,-0.044262
0.119311,-0.407146,-0.086088
0.117366,-0.367564,-0.09121
0.123194,-0.325224,-0.099731
0.116866,-0.317402,-0.046776
0.13957,-0.284929,-0.109275
0.131533,-0.275229,-0.057906
0.158647,-0.246241,-0.117671
0.152196,-0.236249,-0.066555
0.14521,-0.226263,-0.01525
0.141178,-0.214091,0.029619
0.179167,-0.202125,-0.071082
0.172222,-0.193588,-0.02055
0.165132,-0.184868,0.026721
0.147157,-0.169307,0.070643
0.19182,-0.167419,-0.022476
0.177384,-0.161425,0.025641
0.154375,-0.153495,0.070029
0.189409,-0.14849,0.027569
0.165766,-0.146181,0.075465
0.200225,-0.140097,0.029681
0.176756,-0.138017,0.079221
0.206054,-0.129869,0.029898
0.183367,-0.127092,0.080302
0.154476,-0.123455,0.128343
0.18793,-0.116803,0.080392
0.160319,-0.113884,0.129463
0.190889,-0.106615,0.07966
0.162927,-0.103509,0.128212
0.127886,-0.099133,0.168595
0.15819,-0.095626,0.122802
0.12438,-0.091852,0.16476
0.151809,-0.093071,0.116114
0.119817,-0.089397,0.158344
0.078245,-0.085215,0.191106
0.027824,-0.087266,0.199201
0.114038,-0.089319,0.149531
0.074983,-0.081479,0.180592
0.025086,-0.07873,0.191026
0.070267,-0.084594,0.169264
0.023195,-0.078463,0.1815
-0.03069,-0.081313,0.178368
-0.081432,-0.089842,0.153757
0.021161,-0.08356,0.171986
-0.029513,-0.085918,0.168646
-0.075739,-0.091502,0.142467
-0.111344,-0.094544,0.102001
-0.119702,-0.094273,0.110763
-0.027042,-0.090238,0.156384
-0.068214,-0.093781,0.13018
-0.102881,-0.094974,0.092611
-0.12933,-0.096962,0.052449
-0.138864,-0.096977,0.059208
-0.060236,-0.095327,0.115654
-0.093327,-0.095545,0.082738
-0.119176,-0.097186,0.04509
-0.138605,-0.098638,0.003246
-0.14898,-0.098423,0.008494
-0.084893,-0.096488,0.072993
-0.109762,-0.097774,0.03791
-0.128038,-0.099295,-0.002321
-0.139561,-0.100044,-0.045432
-0.150358,-0.099637,-0.041918
-0.100342,-0.099407,0.030504
-0.117984,-0.100677,-0.007559
-0.129582,-0.101101,-0.048674
-0.134744,-0.10128,-0.092488
-0.145142,-0.100173,-0.090896
-0.10891,-0.104084,-0.012311
-0.120415,-0.105449,-0.05167
-0.12611,-0.105279,-0.093967
-0.126029,-0.106402,-0.139404
-0.133974,-0.101133,-0.13893
-0.115166,-0.113526,-0.053898
-0.121709,-0.113833,-0.095319
-0.123417,-0.11553,-0.139945
-0.118934,-0.118824,-0.185417
-0.121124,-0.10903,-0.185499
-0.120117,-0.123605,-0.096391
-0.122396,-0.125443,-0.140381
-0.117027,-0.12882,-0.185322
-0.104552,-0.130856,-0.230017
-0.10572,-0.120258,-0.229643
-0.121834,-0.135547,-0.140414
-0.116679,-0.139092,-0.185418
-0.106486,-0.141599,-0.231055
-0.085656,-0.142452,-0.271142
-0.084788,-0.131792,-0.269508
-0.119385,-0.149076,-0.185514
-0.10884,-0.152291,-0.2319
-0.086067,-0.153152,-0.272869
-0.055497,-0.15356,-0.30316
-0.056915,-0.14192,-0.302799
-0.106127,-0.161268,-0.230749
-0.082502,-0.162272,-0.27105
-0.051612,-0.162344,-0.298919
-0.019529,-0.160246,-0.314785
-0.023573,-0.151323,-0.3199
-0.075254,-0.167531,-0.26626
-0.045778,-0.167339,-0.292466
-0.015218,-0.165743,-0.306117
0.011852,-0.163229,-0.308753
0.011594,-0.157554,-0.318317
-0.038274,-0.170539,-0.284047
-0.066214,-0.170677,-0.259941
-0.055387,-0.173375,-0.252523
-0.028482,-0.172644,-0.273448
-0.041537,-0.174679,-0.243287
-0.014588,-0.173459,-0.260546
-0.021679,-0.174292,-0.23108
0.005195,-0.173011,-0.246035
0.026631,-0.172413,-0.256992
0.049756,-0.174088,-0.238555
0.064502,-0.173883,-0.24748
0.042938,-0.170934,-0.26799
0.02889,-0.172783,-0.22798
0.049138,-0.172644,-0.202807
0.069695,-0.173351,-0.209911
0.080015,-0.171297,-0.174056
0.093495,-0.169667,-0.175983
0.083325,-0.171709,-0.21419
0.060324,-0.171889,-0.171086
0.083246,-0.168961,-0.138426
0.081189,-0.167672,-0.103468
0.094784,-0.16533,-0.101724
0.09729,-0.16701,-0.1384
0.106163,-0.162572,-0.100083
0.108659,-0.164722,-0.138317
0.104516,-0.16735,-0.177734
0.118785,-0.162274,-0.138202
0.114429,-0.164747,-0.179482
0.103039,-0.166685,-0.220673
0.093566,-0.169468,-0.217483
0.085815,-0.168221,-0.258435
0.076661,-0.17155,-0.253814
0.062839,-0.166558,-0.287237
0.054336,-0.169412,-0.278667
0.037583,-0.16451,-0.302891
0.069593,-0.162248,-0.293852
0.041036,-0.159144,-0.311651
0.074403,-0.1544,-0.29794
0.04406,-0.150807,-0.31677
0.011691,-0.148695,-0.325083
0.045788,-0.140652,-0.318352
0.011626,-0.139901,-0.327554
-0.025138,-0.140793,-0.321516
0.011404,-0.130566,-0.329424
-0.025543,-0.130914,-0.322379
-0.057451,-0.131517,-0.301469
-0.025773,-0.12122,-0.323764
-0.057934,-0.121554,-0.301385
-0.085245,-0.121155,-0.269479
-0.059039,-0.111791,-0.302787
-0.08648,-0.111376,-0.270368
-0.107763,-0.110594,-0.229924
-0.090457,-0.102721,-0.273059
-0.112418,-0.102491,-0.231495
-0.127034,-0.101811,-0.18601
-0.120827,-0.098787,-0.234446
-0.13634,-0.099158,-0.187325
-0.144316,-0.099778,-0.138717
-0.146121,-0.098666,-0.188787
-0.1548,-0.099615,-0.138769
-0.155852,-0.099903,-0.08928
-0.16572,-0.099605,-0.13889
-0.167187,-0.099778,-0.087779
-0.161253,-0.099456,-0.038367
-0.178732,-0.09973,-0.086201
-0.172237,-0.099268,-0.035027
-0.159376,-0.098352,0.013738
-0.182298,-0.099148,-0.031685
-0.168893,-0.09838,0.018605
-0.148064,-0.096875,0.065705
-0.177965,-0.098459,0.023174
-0.15677,-0.096965,0.071848
-0.126316,-0.094167,0.119245
-0.164646,-0.097804,0.078149
-0.129571,-0.094633,0.12883
-0.171234,-0.103965,0.082726
-0.140112,-0.104694,0.132186
-0.170309,-0.114366,0.083696
-0.139136,-0.115486,0.131131
-0.10472,-0.114928,0.176499
-0.135092,-0.127096,0.129481
-0.071717,-0.109618,0.210923
-0.166609,-0.124207,0.083306
-0.161855,-0.134222,0.082561
-0.127953,-0.138656,0.126178
-0.153647,-0.14445,0.080072
-0.119333,-0.146126,0.122441
-0.112736,-0.154559,0.11845
-0.189514,-0.134703,0.034926
-0.192666,-0.124188,0.034267
-0.209223,-0.124197,-0.019496
-0.194666,-0.114421,0.033399
-0.211071,-0.114232,-0.020538
-0.222235,-0.112762,-0.078437
-0.209048,-0.104746,-0.022394
-0.218184,-0.103428,-0.079777
-0.216941,-0.103015,-0.14034
-0.209306,-0.100531,-0.081436
-0.207524,-0.100706,-0.1401
-0.195358,-0.099989,-0.198879
-0.197438,-0.100122,-0.139652
-0.185733,-0.099504,-0.196555
-0.167094,-0.099084,-0.253084
-0.176107,-0.099352,-0.194428
-0.157822,-0.098615,-0.249276
-0.131274,-0.097461,-0.30112
-0.148184,-0.098224,-0.24545
-0.122557,-0.097128,-0.294816
-0.087993,-0.097031,-0.337213
-0.114001,-0.096901,-0.288673
-0.081048,-0.096774,-0.328705
-0.03929,-0.097133,-0.357012
-0.074087,-0.097121,-0.320963
-0.034779,-0.097204,-0.346124
0.010167,-0.097132,-0.355032
-0.031213,-0.098382,-0.337188
0.010181,-0.098383,-0.345816
0.05097,-0.097983,-0.334605
0.010307,-0.103391,-0.336903
0.047706,-0.102689,-0.326289
0.079248,-0.103416,-0.301807
0.046445,-0.111347,-0.321881
0.076215,-0.112442,-0.29779
0.098547,-0.112758,-0.265042
0.075071,-0.122523,-0.29617
0.097269,-0.122882,-0.26387
0.112474,-0.121728,-0.223756
0.096482,-0.133322,-0.263509
0.110441,-0.132914,-0.223855
0.124111,-0.131009,-0.18231
0.111943,-0.144041,-0.224465
0.124586,-0.141154,-0.182058
0.128126,-0.138058,-0.139412
0.126149,-0.151141,-0.182006
0.129071,-0.147805,-0.138866
0.125284,-0.14506,-0.097496
0.126822,-0.157026,-0.138334
0.123345,-0.154076,-0.097483
0.115499,-0.153418,-0.058939
0.116044,-0.159741,-0.098522
0.108884,-0.159814,-0.061024
0.097596,-0.161647,-0.024521
0.099429,-0.163731,-0.063687
0.08923,-0.165542,-0.028226
0.074867,-0.163824,0.003804
0.078579,-0.167465,-0.032257
0.064471,-0.166198,-0.001982
0.04874,-0.163635,0.020945
0.051458,-0.167019,-0.010006
0.034941,-0.164954,0.009925
0.065678,-0.168084,-0.037251
0.088692,-0.166436,-0.06634
0.075331,-0.168261,-0.069482
0.122653,-0.159662,-0.181041
0.115028,-0.153745,-0.224962
0.111265,-0.16175,-0.2235
0.099119,-0.155202,-0.265266
0.094261,-0.163236,-0.262736
0.098331,-0.144026,-0.264695
0.075558,-0.142956,-0.297352
0.074866,-0.132765,-0.295983
0.04631,-0.130816,-0.31928
0.046249,-0.120947,-0.320196
0.01104,-0.120799,-0.330483
0.010748,-0.111496,-0.332476
-0.026223,-0.111804,-0.32557
-0.028071,-0.103125,-0.329629
-0.062093,-0.103128,-0.30667
-0.06752,-0.098817,-0.313354
-0.097766,-0.098335,-0.277786
-0.105857,-0.097001,-0.283038
-0.129804,-0.097782,-0.237888
-0.138636,-0.097885,-0.241457
-0.156072,-0.098909,-0.190623
-0.165864,-0.099137,-0.19254
-0.176558,-0.099668,-0.139081
-0.187014,-0.099789,-0.139294
-0.18915,-0.099767,-0.084539
-0.199656,-0.099949,-0.083026
-0.191993,-0.099274,-0.02851
-0.201231,-0.100197,-0.025303
-0.187027,-0.099336,0.027799
-0.193571,-0.104876,0.031499
-0.064664,-0.172341,-0.214302
-0.045818,-0.173224,-0.206841
-0.079133,-0.170672,-0.177876
-0.078087,-0.171006,-0.219688
-0.092481,-0.169597,-0.180263
-0.097511,-0.167458,-0.139362
-0.103038,-0.167373,-0.182163
-0.10759,-0.165037,-0.139229
-0.104543,-0.162046,-0.09864
-0.116882,-0.161782,-0.13906
-0.113224,-0.157814,-0.097423
-0.104469,-0.157881,-0.057602
-0.118797,-0.151254,-0.096638
-0.108392,-0.150462,-0.056357
-0.096867,-0.149201,-0.01848
-0.108214,-0.141044,-0.056601
-0.097091,-0.139832,-0.018448
-0.08206,-0.137515,0.016086
-0.081963,-0.147542,0.016064
-0.062622,-0.134892,0.042661
-0.081294,-0.127676,0.015667
-0.06163,-0.124572,0.042285
-0.041475,-0.121735,0.06212
-0.043638,-0.132536,0.062989
-0.021508,-0.119693,0.07547
-0.041551,-0.111271,0.063919
-0.020762,-0.108842,0.076268
0.002751,-0.106906,0.077704
-0.02104,-0.099004,0.080381
0.003896,-0.097021,0.081134
0.030842,-0.097627,0.076703
0.005744,-0.09343,0.09075
0.034048,-0.093033,0.085515
0.060529,-0.094909,0.071199
0.037266,-0.093411,0.096424
0.06617,-0.093072,0.081386
0.090549,-0.095447,0.055628
0.071674,-0.092549,0.092229
0.097749,-0.094195,0.064689
0.119076,-0.096573,0.030197
0.106838,-0.0936,0.074945
0.128436,-0.095783,0.037511
0.144926,-0.098722,-0.002424
0.138655,-0.095242,0.044669
0.155372,-0.098121,0.002595
0.167335,-0.099909,-0.042777
0.166501,-0.097756,0.007575
0.178625,-0.099769,-0.039486
0.184639,-0.100174,-0.088903
0.190135,-0.099641,-0.036437
0.196097,-0.100214,-0.087734
0.194001,-0.100216,-0.139876
0.207274,-0.100328,-0.086332
0.205386,-0.100316,-0.140249
0.194366,-0.100375,-0.194776
0.216204,-0.100483,-0.140666
0.204994,-0.100729,-0.197002
0.187748,-0.100204,-0.25371
0.215406,-0.102223,-0.199196
0.197413,-0.102288,-0.257884
0.172822,-0.101932,-0.315653
0.20314,-0.111255,-0.260216
0.176324,-0.112347,-0.318487
0.1381,-0.113019,-0.372835
0.174722,-0.124597,-0.318181
0.136358,-0.126371,-0.372953
0.078886,-0.126886,-0.412299
0.13318,-0.142104,-0.372089
0.075894,-0.144751,-0.409084
0.008951,-0.145691,-0.421702
0.071068,-0.164685,-0.399803
0.00817,-0.166864,-0.411381
-0.055266,-0.165099,-0.400271
0.006825,-0.194727,-0.396136
-0.052473,-0.193272,-0.386572
-0.104033,-0.186041,-0.355246
-0.049256,-0.228575,-0.361963
-0.098437,-0.220076,-0.336602
-0.139759,-0.208249,-0.298059
-0.092503,-0.257027,-0.311332
-0.129897,-0.243877,-0.277083
-0.156603,-0.23073,-0.231376
-0.1203,-0.281095,-0.253204
-0.143894,-0.268725,-0.213247
-0.158307,-0.260324,-0.165378
-0.128902,-0.306876,-0.194145
-0.142386,-0.299783,-0.151246
-0.116655,-0.34468,-0.179127
-0.127811,-0.33954,-0.139406
-0.110454,-0.381556,-0.169653
-0.119748,-0.378938,-0.131172
-0.115243,-0.415129,-0.166071
-0.121732,-0.414506,-0.126693
-0.121676,-0.413358,-0.085598
-0.12509,-0.439152,-0.124363
-0.12456,-0.43921,-0.083275
-0.120718,-0.439185,-0.041951
-0.127978,-0.455678,-0.081785
-0.123864,-0.454566,-0.03999
-0.111734,-0.453181,0.000909
-0.108223,-0.439655,-0.002072
-0.12696,-0.467209,-0.038353
-0.115484,-0.464766,0.003351
-0.129909,-0.478581,-0.036875
-0.118725,-0.476706,0.004719
-0.096956,-0.477988,0.039983
-0.116706,-0.488548,0.004887
-0.097269,-0.488659,0.040287
-0.082987,-0.490185,0.071555
-0.082885,-0.480609,0.07017
-0.07927,-0.492436,0.109112
-0.080244,-0.482236,0.108845
-0.077974,-0.471741,0.106323
-0.078302,-0.484401,0.149744
-0.075383,-0.474061,0.149067
-0.070634,-0.464232,0.146899
-0.070915,-0.462781,0.103314
-0.063194,-0.456165,0.145669
-0.059263,-0.458531,0.106052
-0.052661,-0.445642,0.144132
-0.045943,-0.451725,0.112523
-0.05737,-0.457283,0.181296
-0.048701,-0.444512,0.175503
-0.043282,-0.458676,0.207848
-0.036637,-0.444526,0.198766
-0.02365,-0.458649,0.225605
-0.018949,-0.445385,0.214166
0.003006,-0.459811,0.234026
0.004844,-0.445654,0.222467
0.033335,-0.460099,0.232585
0.032519,-0.445977,0.220772
0.063451,-0.460003,0.220308
0.033689,-0.471744,0.237452
0.065127,-0.471581,0.225121
0.089311,-0.470751,0.203
0.065695,-0.480225,0.227072
0.090656,-0.479444,0.204969
0.103789,-0.478011,0.172362
0.091969,-0.487555,0.206287
0.105384,-0.486487,0.173713
0.089474,-0.494773,0.205046
0.101688,-0.49491,0.173876
0.104549,-0.495002,0.135396
0.093595,-0.497205,0.172907
0.095779,-0.497697,0.136049
0.091887,-0.497018,0.09746
0.085463,-0.497328,0.136582
0.082136,-0.497273,0.098158
0.080503,-0.496052,0.061801
0.071715,-0.496901,0.09844
0.070145,-0.496153,0.062038
0.072021,-0.494317,0.026881
0.077252,-0.491894,-0.007612
0.059258,-0.495919,0.062197
0.060557,-0.493489,0.0262
0.064409,-0.490477,-0.008672
0.0719,-0.490341,-0.044341
0.085759,-0.491551,-0.042513
0.046388,-0.493069,0.025568
0.049252,-0.490045,-0.01013
0.053756,-0.489532,-0.046038
0.055809,-0.49048,-0.081094
0.077397,-0.491568,-0.080952
0.020278,-0.490372,-0.011886
0.020537,-0.490188,-0.047152
0.020592,-0.490744,-0.080719
0.019087,-0.490889,-0.112942
0.053877,-0.490717,-0.115278
-0.018949,-0.489298,-0.047131
-0.020232,-0.489919,-0.080006
-0.020238,-0.489922,-0.111415
-0.018828,-0.491068,-0.139615
0.016211,-0.491635,-0.142392
-0.059869,-0.489688,-0.078897
-0.059354,-0.489906,-0.112063
-0.055468,-0.490464,-0.142497
-0.048875,-0.48998,-0.166604
-0.016016,-0.490963,-0.163267
-0.081985,-0.489915,-0.113712
-0.078344,-0.490515,-0.146691
-0.070545,-0.490079,-0.174532
-0.092711,-0.490364,-0.150274
-0.083733,-0.490999,-0.181297
-0.069301,-0.491004,-0.207821
-0.045434,-0.488425,-0.228939
-0.095254,-0.491885,-0.187611
-0.078236,-0.492328,-0.217303
-0.049893,-0.49107,-0.240693
-0.011666,-0.4912,-0.251065
-0.011556,-0.490643,-0.239074
-0.086423,-0.492072,-0.22613
-0.05394,-0.491972,-0.251696
-0.011271,-0.491126,-0.262249
0.031529,-0.491213,-0.25971
0.028609,-0.491601,-0.249038
-0.057362,-0.490346,-0.261841
-0.01105,-0.48666,-0.273201
0.033932,-0.48689,-0.26782
0.077398,-0.489482,-0.251552
0.07121,-0.49218,-0.243504
-0.009898,-0.477049,-0.270455
0.035229,-0.477912,-0.267428
0.078561,-0.479549,-0.252409
0.10673,-0.479464,-0.21572
0.107635,-0.489535,-0.215059
0.035394,-0.466685,-0.265059
0.076526,-0.468732,-0.249644
0.103794,-0.469124,-0.214963
0.120414,-0.467002,-0.172492
0.122412,-0.477801,-0.17232
0.074584,-0.455798,-0.246708
0.101175,-0.456789,-0.214395
0.118171,-0.455248,-0.172701
0.126496,-0.452738,-0.12813
0.128971,-0.46519,-0.127655
0.09797,-0.439208,-0.213162
0.115283,-0.438943,-0.173008
0.123072,-0.437568,-0.128635
0.123062,-0.435105,-0.08379
0.126132,-0.450364,-0.082942
0.110785,-0.413533,-0.173552
0.119268,-0.411065,-0.130414
0.109063,-0.379382,-0.177206
0.117714,-0.37394,-0.135823
0.119584,-0.343403,-0.187377
0.125596,-0.334267,-0.145428
0.136014,-0.306457,-0.2028
0.143155,-0.295466,-0.157606
0.155554,-0.26782,-0.219397
0.162836,-0.256772,-0.169131
0.172613,-0.228308,-0.232437
0.182834,-0.218641,-0.177221
0.183807,-0.210347,-0.123002
0.197122,-0.186437,-0.184603
0.203023,-0.17971,-0.128149
0.20048,-0.173383,-0.074264
0.212725,-0.157475,-0.133002
0.212472,-0.154634,-0.07693
0.205223,-0.152412,-0.02303
0.224705,-0.14294,-0.078425
0.216144,-0.142072,-0.022826
0.230691,-0.131777,-0.079518
0.221028,-0.131322,-0.023703
0.233407,-0.120801,-0.080685
0.22364,-0.120877,-0.024667
0.209949,-0.119747,0.029442
0.224147,-0.111028,-0.025969
0.211338,-0.109028,0.028285
0.219881,-0.103056,-0.028015
0.206718,-0.100678,0.025302
0.186284,-0.097826,0.075545
0.197762,-0.097929,0.021206
0.177991,-0.095372,0.069939
0.187702,-0.097424,0.016924
0.168607,-0.094978,0.063989
0.143649,-0.092545,0.10843
0.15912,-0.094909,0.057759
0.135159,-0.092714,0.10075
0.106363,-0.090336,0.139732
0.126088,-0.093054,0.092561
0.098318,-0.09152,0.130645
0.064915,-0.088229,0.158747
0.089654,-0.092801,0.11989
0.058154,-0.091815,0.146225
0.019353,-0.088823,0.160469
0.049792,-0.095082,0.12855
0.015435,-0.09346,0.14208
-0.022801,-0.094209,0.138945
0.01118,-0.095788,0.118521
-0.019479,-0.096146,0.117386
-0.053743,-0.095324,0.101074
-0.019911,-0.095469,0.101349
-0.049851,-0.095192,0.089036
-0.077978,-0.097842,0.063411
-0.047179,-0.09677,0.078578
-0.071172,-0.099662,0.05459
-0.092037,-0.102465,0.023677
-0.064847,-0.104839,0.047019
-0.084953,-0.107958,0.018152
-0.102327,-0.111652,-0.01573
-0.082168,-0.117645,0.016051
-0.09916,-0.121349,-0.017362
-0.111899,-0.123007,-0.055381
-0.097308,-0.130717,-0.018265
-0.108657,-0.131899,-0.056528
-0.118435,-0.133092,-0.096955
-0.118516,-0.142058,-0.096894
-0.12329,-0.144836,-0.139968
-0.123347,-0.154436,-0.139385
-0.118225,-0.157704,-0.184935
-0.111933,-0.164105,-0.183699
-0.098764,-0.167073,-0.22788
-0.089103,-0.169481,-0.224186
-0.062021,-0.114246,0.04332
-0.043779,-0.101973,0.069049
-0.020836,-0.095096,0.090081
0.008129,-0.094819,0.102377
0.041958,-0.094941,0.109485
0.080415,-0.093029,0.10631
0.117031,-0.093347,0.084414
0.14906,-0.094969,0.051375
0.177411,-0.097515,0.012458
0.200725,-0.099547,-0.033628
0.211015,-0.099707,-0.030756
0.217939,-0.100616,-0.084725
0.22783,-0.102036,-0.083197
0.22683,-0.101708,-0.140933
0.234133,-0.110035,-0.081855
0.23427,-0.108452,-0.140991
0.222014,-0.109509,-0.200588
0.234109,-0.12023,-0.14
0.221658,-0.121297,-0.199793
0.202437,-0.123555,-0.259629
0.219147,-0.133735,-0.198292
0.200594,-0.136463,-0.258293
0.172762,-0.138465,-0.317658
0.194979,-0.150419,-0.255261
0.16755,-0.154051,-0.315176
0.126266,-0.159274,-0.366319
0.162278,-0.174552,-0.310311
0.119611,-0.183855,-0.356553
0.066159,-0.191968,-0.386026
0.113125,-0.216893,-0.338789
0.060937,-0.226716,-0.362074
0.005327,-0.230971,-0.37068
0.056989,-0.261886,-0.337109
0.004365,-0.268194,-0.345371
-0.046419,-0.265009,-0.334172
0.005037,-0.302596,-0.317591
-0.042317,-0.300715,-0.306298
-0.085297,-0.292791,-0.283955
-0.038206,-0.335593,-0.277538
-0.078233,-0.327358,-0.257464
-0.108827,-0.316947,-0.229876
-0.072265,-0.357286,-0.23512
-0.098672,-0.351213,-0.211449
-0.072314,-0.3848,-0.225378
-0.096565,-0.38347,-0.201956
-0.077362,-0.411643,-0.225775
-0.100613,-0.414366,-0.19998
-0.081551,-0.436322,-0.229301
-0.104925,-0.438507,-0.20025
-0.119183,-0.4393,-0.164056
-0.109311,-0.455725,-0.200731
-0.122739,-0.455528,-0.163026
-0.128288,-0.455227,-0.122993
-0.125834,-0.467638,-0.162277
-0.130835,-0.46793,-0.121918
-0.130781,-0.468559,-0.080665
-0.134096,-0.479523,-0.121297
-0.134294,-0.479864,-0.079575
-0.132012,-0.489236,-0.120383
-0.13227,-0.489572,-0.078689
-0.12747,-0.488923,-0.036339
-0.121907,-0.491769,-0.078382
-0.116715,-0.491921,-0.03727
-0.105236,-0.49219,0.001672
-0.104528,-0.49126,-0.038723
-0.092251,-0.492381,-0.002033
-0.077396,-0.49422,0.03281
-0.088587,-0.493252,0.036171
-0.066295,-0.495984,0.069782
-0.075183,-0.49513,0.070757
-0.059789,-0.496731,0.108506
-0.070009,-0.4965,0.109128
-0.055027,-0.496761,0.147718
-0.066587,-0.496812,0.149069
-0.076952,-0.493896,0.149827
-0.058836,-0.497163,0.185263
-0.067974,-0.494631,0.18774
-0.069396,-0.486074,0.187881
-0.05092,-0.494938,0.217573
-0.052061,-0.48674,0.218391
-0.050652,-0.478016,0.216766
-0.066465,-0.476766,0.186425
-0.04866,-0.468723,0.214425
-0.063876,-0.466979,0.185057
-0.027203,-0.479176,0.234328
-0.026223,-0.469658,0.232013
0.001856,-0.480617,0.240667
0.002117,-0.471013,0.238724
0.033939,-0.480684,0.238671
0.001579,-0.488833,0.24197
0.034079,-0.488913,0.238924
0.066027,-0.488514,0.228658
0.033961,-0.497099,0.238522
0.064962,-0.496032,0.227375
0.032394,-0.501484,0.232923
0.060996,-0.499176,0.222166
0.082524,-0.497658,0.202023
0.055869,-0.498875,0.216156
0.074744,-0.497806,0.198898
0.08433,-0.497165,0.171642
0.068057,-0.4972,0.196751
0.075021,-0.496259,0.170383
0.074693,-0.496354,0.136216
0.063493,-0.495501,0.13533
0.060273,-0.496356,0.098751
0.050197,-0.49485,0.134334
0.046538,-0.495942,0.099214
0.044696,-0.495615,0.062403
0.026399,-0.495846,0.100033
0.022988,-0.495442,0.062967
0.021271,-0.493606,0.02538
-0.00667,-0.495343,0.064664
-0.012002,-0.493449,0.026256
-0.016123,-0.489784,-0.011472
-0.039444,-0.492532,0.028461
-0.048949,-0.489159,-0.008975
-0.056452,-0.488595,-0.044705
-0.065343,-0.490121,-0.006863
-0.076469,-0.489279,-0.042355
-0.082187,-0.490143,-0.078427
-0.091353,-0.490073,-0.040339
-0.097315,-0.4904,-0.078266
-0.097311,-0.489912,-0.115449
-0.109964,-0.491191,-0.07829
-0.109976,-0.49071,-0.117085
-0.105107,-0.49083,-0.153711
-0.121669,-0.491417,-0.118707
-0.116342,-0.491355,-0.156983
-0.105515,-0.491936,-0.193117
-0.126446,-0.489524,-0.16
-0.114579,-0.489331,-0.198309
-0.093689,-0.490191,-0.233988
-0.116876,-0.479331,-0.200739
-0.093072,-0.480063,-0.235184
-0.057126,-0.478602,-0.262695
-0.088847,-0.468449,-0.233818
-0.054133,-0.466942,-0.258761
-0.009056,-0.465873,-0.266909
-0.051271,-0.452579,-0.254507
-0.0081,-0.452347,-0.262703
0.035145,-0.453711,-0.261171
-0.005998,-0.434647,-0.257921
0.034841,-0.435481,-0.256624
0.071435,-0.43695,-0.242515
0.034525,-0.410921,-0.251257
0.068053,-0.411803,-0.23756
0.094056,-0.413618,-0.211409
0.066473,-0.385111,-0.235881
0.091425,-0.383114,-0.212114
0.072727,-0.358178,-0.247648
0.099702,-0.351032,-0.222188
0.084506,-0.325378,-0.268977
0.116075,-0.316767,-0.240849
0.096235,-0.288007,-0.292169
0.132194,-0.278235,-0.260523
0.105688,-0.251698,-0.3149
0.145805,-0.239193,-0.279926
0.156288,-0.203334,-0.299371
0.183466,-0.193774,-0.243769
0.189603,-0.168249,-0.250899
0.204818,-0.163182,-0.19064
0.213441,-0.146692,-0.195508
0.224198,-0.143933,-0.136596
0.23117,-0.132142,-0.13859
0.052507,-0.297321,-0.312507
0.046592,-0.33326,-0.285501
0.005462,-0.337502,-0.28786
0.040118,-0.363795,-0.262836
0.00437,-0.36629,-0.265349
-0.036262,-0.363915,-0.253006
0.001458,-0.386817,-0.25077
-0.037581,-0.384651,-0.241391
-0.002327,-0.410604,-0.253642
-0.041917,-0.410059,-0.242905
-0.047149,-0.434155,-0.248786
-0.08549,-0.454774,-0.232279
-0.113093,-0.468096,-0.200894
-0.128769,-0.479083,-0.161643
0.035367,-0.386246,-0.248467
-0.079207,-0.491548,-0.004776
-0.054384,-0.493134,0.029944
-0.066282,-0.494033,0.031212
-0.044015,-0.495646,0.067696
-0.055659,-0.495852,0.068779
-0.036326,-0.496255,0.105623
-0.048744,-0.496516,0.107121
-0.030589,-0.495934,0.142606
-0.043479,-0.496395,0.145696
-0.024077,-0.495835,0.174082
-0.03689,-0.496453,0.178285
-0.048185,-0.497187,0.182061
-0.037075,-0.498149,0.207204
-0.044545,-0.498444,0.212649
-0.020498,-0.4999,0.22332
-0.024496,-0.500504,0.229297
-0.027426,-0.495876,0.235097
0.002129,-0.502196,0.235481
0.0015,-0.497422,0.241411
-0.027742,-0.487736,0.235954
0.003281,-0.500908,0.227634
0.029684,-0.500178,0.225295
0.026727,-0.498298,0.216555
0.05031,-0.497802,0.21039
0.022915,-0.496533,0.205991
0.017194,-0.495109,0.19012
0.010429,-0.494405,0.166724
-0.00907,-0.495347,0.170143
-0.01699,-0.495593,0.139461
0.004089,-0.495169,0.136471
-0.001394,-0.495846,0.101941
0.030939,-0.494788,0.134138
-0.022463,-0.496015,0.104061
-0.030491,-0.495367,0.066492
0.128672,-0.463097,-0.082271
0.130905,-0.476814,-0.127253
0.133024,-0.487787,-0.127028
0.123504,-0.487969,-0.171845
0.126704,-0.495255,-0.125642
0.11674,-0.4937,-0.169065
0.100058,-0.493285,-0.209962
0.106635,-0.494307,-0.165251
0.090416,-0.492896,-0.203963
0.064185,-0.491425,-0.233557
0.080214,-0.491975,-0.196533
0.056678,-0.490175,-0.223129
0.024975,-0.49104,-0.237339
0.048687,-0.490004,-0.212497
0.020748,-0.490814,-0.224242
0.070501,-0.491309,-0.188861
0.084035,-0.492701,-0.156993
0.070113,-0.491979,-0.152408
0.09675,-0.493638,-0.161606
0.104167,-0.493801,-0.121769
0.091492,-0.492787,-0.119827
0.115709,-0.495187,-0.123606
0.105195,-0.493851,-0.080535
0.091999,-0.492641,-0.080712
0.077017,-0.491794,-0.117799
0.048063,-0.491476,-0.146634
-0.101383,-0.067621,0.247101
-0.134233,-0.054887,0.249226
-0.100244,-0.056871,0.242166
-0.060885,-0.060183,0.237691
-0.097095,-0.043057,0.241591
-0.007739,-0.062602,0.238072
-0.132225,-0.041172,0.244894
-0.127456,-0.022215,0.244228
-0.165084,-0.044561,0.253147
-0.162724,-0.024371,0.24799
-0.161016,0.005863,0.246795
-0.190877,-0.028971,0.260275
-0.191019,0.00251,0.253456
-0.192374,0.043062,0.251222
-0.210471,0.001878,0.26964
-0.212952,0.041644,0.266687
-0.215925,0.084901,0.264582
-0.22755,0.040476,0.290908
-0.233118,0.082979,0.28803
-0.237731,0.126924,0.2856
-0.245032,0.081246,0.315927
-0.252093,0.124888,0.314047
-0.256242,0.169844,0.312429
-0.253593,0.124606,0.346774
-0.258375,0.169482,0.345899
-0.262969,0.214417,0.344798
-0.257453,0.16971,0.377278
-0.261818,0.214484,0.376747
-0.265182,0.259182,0.376313
-0.252403,0.215623,0.402852
-0.256299,0.260175,0.403005
-0.259711,0.304435,0.402805
-0.23858,0.262095,0.423219
-0.240967,0.306235,0.423278
-0.241655,0.349028,0.422835
-0.213004,0.308661,0.434026
-0.212397,0.351254,0.434057
-0.211119,0.384384,0.433285
-0.175519,0.35327,0.438073
-0.173416,0.384598,0.437385
-0.171937,0.400885,0.437886
-0.131104,0.382851,0.439305
-0.130028,0.399532,0.43974
-0.129344,0.409905,0.441334
-0.086986,0.396991,0.441091
-0.086584,0.40787,0.442906
-0.086237,0.417713,0.446249
-0.043363,0.406449,0.443261
-0.043528,0.416282,0.446605
-0.043666,0.423297,0.454497
-0.000557,0.415363,0.447291
-0.000608,0.421855,0.454131
-0.00089,0.424204,0.463972
0.042055,0.423081,0.452242
0.042133,0.424547,0.462227
0.042528,0.425281,0.47211
0.085684,0.424239,0.46084
0.085676,0.425262,0.470873
0.08556,0.431967,0.47637
0.129354,0.425706,0.470208
0.129066,0.433476,0.473317
0.127923,0.442867,0.469221
0.173412,0.436565,0.466832
0.171523,0.445581,0.463429
0.169771,0.455623,0.460791
0.214776,0.449736,0.452286
0.212521,0.459627,0.450921
0.21025,0.469368,0.448877
0.253333,0.464345,0.433769
0.251342,0.473732,0.43288
0.248818,0.482889,0.430529
0.286488,0.476633,0.402088
0.283074,0.48572,0.400266
0.276921,0.491061,0.396017
0.30254,0.486139,0.361319
0.295031,0.492038,0.35992
0.285018,0.494727,0.357899
0.295898,0.492317,0.3206
0.28651,0.494938,0.322666
0.276021,0.49542,0.325426
0.272506,0.493647,0.287141
0.262755,0.494619,0.295035
0.252631,0.494983,0.303597
0.23387,0.494198,0.2685
0.226818,0.494512,0.279368
0.218201,0.494668,0.292537
0.24085,0.495167,0.314769
0.19082,0.494372,0.264388
0.185618,0.494461,0.278575
0.152469,0.494231,0.256842
0.149432,0.494358,0.271497
0.145854,0.494562,0.291527
0.111742,0.494428,0.267676
0.109559,0.494674,0.289687
0.108249,0.494869,0.327953
0.143355,0.49475,0.328399
0.146472,0.49416,0.367758
0.110676,0.494027,0.369527
0.114476,0.492993,0.398974
0.151507,0.493309,0.394862
0.071234,0.495056,0.327549
0.073136,0.494046,0.37032
0.075748,0.492856,0.401241
0.07745,0.492481,0.416193
0.116879,0.492562,0.413457
0.034502,0.494012,0.370991
0.035968,0.492981,0.402003
0.036848,0.492685,0.417322
0.03762,0.492517,0.430242
0.078939,0.49226,0.428983
-0.003493,0.493144,0.402467
-0.003207,0.492838,0.417973
-0.002979,0.492698,0.430938
-0.002806,0.492548,0.442387
0.038372,0.492369,0.441768
-0.043114,0.492886,0.41809
-0.043379,0.49273,0.431054
-0.043631,0.492685,0.442351
-0.043825,0.49172,0.452904
-0.002601,0.491789,0.452967
-0.083477,0.492474,0.429348
-0.084195,0.492277,0.440419
-0.084828,0.49142,0.450789
-0.085284,0.486627,0.459257
-0.043922,0.486226,0.461251
-0.12423,0.491981,0.436448
-0.125448,0.491271,0.446836
-0.126459,0.487499,0.455788
-0.127035,0.479146,0.460466
-0.085561,0.477555,0.463221
-0.165339,0.491405,0.440787
-0.16718,0.488495,0.449779
-0.168449,0.48088,0.4555
-0.169389,0.471836,0.458628
-0.127699,0.469298,0.463333
-0.206875,0.489162,0.44039
-0.209049,0.483091,0.446868
-0.210475,0.474443,0.449833
-0.211834,0.465456,0.451586
-0.170562,0.461959,0.460745
-0.248198,0.486114,0.4313
-0.250549,0.477675,0.434832
-0.251665,0.468761,0.43622
-0.252893,0.45975,0.436879
-0.213212,0.456219,0.452625
-0.282618,0.479004,0.405294
-0.283889,0.469455,0.40601
-0.284677,0.460001,0.406329
-0.28509,0.450806,0.406598
-0.25386,0.451088,0.437569
-0.301302,0.468381,0.368249
-0.302075,0.458213,0.368353
-0.302099,0.448255,0.368547
-0.302075,0.438669,0.368731
-0.285342,0.442087,0.406907
-0.302763,0.456617,0.32572
-0.302494,0.446604,0.32597
-0.301808,0.436544,0.326457
-0.297352,0.428132,0.327569
-0.299813,0.428594,0.368382
-0.289012,0.445042,0.284038
-0.289295,0.435448,0.284477
-0.284681,0.427264,0.286666
-0.275591,0.424134,0.291553
-0.287847,0.423646,0.329576
-0.261204,0.435327,0.246913
-0.257688,0.428681,0.252136
-0.250963,0.425529,0.260322
-0.246748,0.418457,0.265241
-0.269294,0.418295,0.294981
-0.218213,0.427498,0.231676
-0.215584,0.425127,0.241645
-0.214658,0.420424,0.246847
-0.214686,0.409676,0.247992
-0.244801,0.40859,0.267507
-0.176069,0.426035,0.232521
-0.176037,0.421371,0.2408
-0.176726,0.411026,0.241562
-0.177617,0.399548,0.241485
-0.214884,0.397895,0.248168
-0.134621,0.42104,0.236367
-0.135538,0.411505,0.238124
-0.136763,0.400398,0.238055
-0.138383,0.384108,0.238275
-0.179096,0.384149,0.24133
-0.093574,0.411483,0.234777
-0.094518,0.401004,0.234668
-0.096118,0.383336,0.235359
-0.09899,0.349559,0.239968
-0.141406,0.351261,0.241649
-0.052515,0.400079,0.232213
-0.053917,0.382125,0.233122
-0.056523,0.346693,0.238825
-0.060193,0.304299,0.241215
-0.10325,0.306731,0.242213
-0.01177,0.380602,0.230934
-0.01391,0.344185,0.237361
-0.016909,0.301805,0.240668
-0.02041,0.259111,0.243007
-0.064248,0.261605,0.24294
0.028889,0.342875,0.237828
0.026632,0.299997,0.24114
0.02376,0.257044,0.243469
0.020323,0.214604,0.245029
-0.024278,0.2168,0.24441
0.070406,0.29921,0.242441
0.068379,0.255688,0.24447
0.065513,0.212824,0.246162
0.061446,0.170602,0.247985
0.016338,0.17256,0.246475
0.113247,0.25491,0.246436
0.111272,0.211427,0.248008
0.107987,0.16856,0.249713
0.102952,0.126071,0.250359
0.055681,0.12844,0.249084
0.156914,0.209852,0.250845
0.154423,0.166045,0.252319
0.150488,0.122615,0.252815
0.145115,0.080068,0.252405
0.096098,0.084111,0.250033
0.195779,0.162826,0.255984
0.191663,0.118353,0.25656
0.186316,0.074572,0.256164
0.179742,0.032546,0.256024
0.138473,0.040394,0.252319
0.224738,0.114186,0.269175
0.218784,0.069772,0.269909
0.211899,0.026971,0.270334
0.203906,-0.011324,0.27102
0.171884,-0.005666,0.255802
0.239717,0.066646,0.295485
0.233819,0.023357,0.295836
0.22561,-0.014256,0.297081
0.219208,-0.042005,0.299184
0.198658,-0.040203,0.272657
0.242626,0.022103,0.328748
0.235739,-0.015519,0.329595
0.229239,-0.042879,0.330873
0.224968,-0.057217,0.331919
0.217053,-0.057598,0.300957
0.235088,-0.015521,0.362074
0.227662,-0.043514,0.361083
0.222384,-0.058788,0.360225
0.218973,-0.069459,0.35974
0.221829,-0.067676,0.332784
0.215716,-0.043601,0.386409
0.210653,-0.059834,0.383253
0.207661,-0.070036,0.381364
0.191167,-0.058637,0.400645
0.189331,-0.069094,0.39798
0.164257,-0.054736,0.412417
0.16185,-0.064988,0.408048
0.130967,-0.049539,0.419989
0.12878,-0.061564,0.415209
0.126525,-0.071576,0.409539
0.0931,-0.060603,0.421192
0.091439,-0.071837,0.415554
0.056003,-0.060498,0.426788
0.054724,-0.071313,0.420791
0.016972,-0.060545,0.431588
0.015763,-0.070899,0.424541
0.014227,-0.07575,0.413112
-0.022308,-0.070826,0.424942
-0.023251,-0.075795,0.413241
-0.057589,-0.070832,0.423339
-0.057411,-0.075793,0.411465
-0.09118,-0.069685,0.421204
-0.089474,-0.075,0.409902
-0.124635,-0.068256,0.418699
-0.122048,-0.074213,0.407971
-0.154878,-0.067266,0.415442
-0.152027,-0.073371,0.406022
-0.148414,-0.075983,0.393433
-0.175453,-0.072876,0.403088
-0.171967,-0.075902,0.392051
-0.168719,-0.077324,0.377839
-0.183066,-0.077371,0.359193
-0.195661,-0.07578,0.358618
-0.205484,-0.072832,0.358647
-0.210711,-0.064699,0.378837
-0.212437,-0.066576,0.358263
-0.21172,-0.067316,0.333044
-0.216773,-0.058034,0.35747
-0.216175,-0.058308,0.331336
-0.212226,-0.058969,0.305831
-0.220747,-0.046917,0.329169
-0.215544,-0.047301,0.302889
-0.207164,-0.048858,0.282435
-0.204265,-0.060448,0.286308
-0.190567,-0.048384,0.266355
-0.18925,-0.060155,0.271302
-0.165128,-0.057564,0.258488
-0.208532,-0.029666,0.276786
-0.21903,-0.029215,0.298866
-0.222835,0.001417,0.294115
-0.226379,-0.029639,0.326063
-0.233148,0.00049,0.322022
-0.238994,0.039218,0.318666
-0.23379,0.001138,0.352421
-0.239554,0.039455,0.34981
-0.246533,0.081142,0.347728
-0.237713,0.040037,0.379706
-0.244623,0.081716,0.378557
-0.252102,0.125114,0.377951
-0.235557,0.083336,0.403839
-0.242017,0.126825,0.403609
-0.247947,0.171031,0.403246
-0.225699,0.129247,0.423159
-0.23103,0.173275,0.423115
-0.23491,0.217707,0.422647
-0.206342,0.17636,0.434472
-0.209343,0.22056,0.434089
-0.211828,0.26478,0.433958
-0.176462,0.224101,0.438132
-0.177419,0.268072,0.437696
-0.177265,0.311627,0.438046
-0.135552,0.271248,0.439996
-0.134516,0.314627,0.440271
-0.132808,0.354376,0.440058
-0.090297,0.316418,0.441773
-0.088834,0.354303,0.441373
-0.087682,0.380281,0.440985
-0.044309,0.352713,0.442413
-0.043622,0.378239,0.442236
-0.04334,0.394818,0.441616
0.000188,0.376867,0.442561
-0.000121,0.393939,0.441589
-0.000399,0.405546,0.443496
0.04329,0.393766,0.440751
0.042776,0.405403,0.442368
0.042349,0.415807,0.445389
0.086277,0.406143,0.441231
0.0858,0.415815,0.444342
0.085665,0.422335,0.451485
0.128997,0.417622,0.442376
0.128826,0.423959,0.450195
0.129094,0.424477,0.460714
0.171723,0.423228,0.447737
0.17341,0.424761,0.458281
0.174688,0.427307,0.466862
0.216968,0.426507,0.449345
0.218636,0.431852,0.455719
0.217185,0.440355,0.454742
0.259783,0.436582,0.434353
0.257471,0.445576,0.434256
0.255216,0.454945,0.434017
0.290434,0.448218,0.403133
0.289888,0.457843,0.403094
0.288071,0.467461,0.402478
0.308503,0.456532,0.36208
0.307489,0.466735,0.361913
0.306036,0.476735,0.36177
0.308037,0.465334,0.317639
0.307029,0.475764,0.318162
0.304117,0.485062,0.318938
0.28835,0.474209,0.274796
0.285864,0.484293,0.276623
0.280467,0.49068,0.281023
0.250058,0.48333,0.243431
0.246194,0.490532,0.249873
0.240247,0.493244,0.258691
0.202447,0.49017,0.231596
0.198982,0.493412,0.241488
0.195132,0.494109,0.25248
0.157369,0.493379,0.233683
0.155061,0.494046,0.244735
0.116555,0.493486,0.229076
0.115254,0.493951,0.239543
0.113699,0.494033,0.25181
0.075061,0.494142,0.235894
0.074085,0.49391,0.248651
0.07286,0.494223,0.265347
0.034028,0.493861,0.247693
0.033456,0.494132,0.263919
0.032848,0.494361,0.287431
0.071585,0.494637,0.288676
0.033013,0.49499,0.327453
-0.006016,0.494598,0.286432
-0.005286,0.495253,0.327462
-0.004172,0.494246,0.371321
-0.043276,0.495033,0.327323
-0.042745,0.494218,0.370855
-0.042871,0.493216,0.402005
-0.080694,0.494185,0.369817
-0.081819,0.493178,0.400567
-0.082683,0.492726,0.416512
-0.119783,0.493075,0.398111
-0.121423,0.492654,0.412988
-0.122924,0.492323,0.42547
-0.158896,0.49281,0.407597
-0.161157,0.492596,0.419754
-0.16329,0.492176,0.430727
-0.197686,0.493055,0.41138
-0.201085,0.492613,0.421809
-0.204125,0.491567,0.431401
-0.233119,0.493179,0.405925
-0.238844,0.492309,0.41569
-0.243838,0.490551,0.42418
-0.263811,0.493412,0.391415
-0.27159,0.491863,0.397586
-0.27891,0.487563,0.403061
-0.28692,0.492707,0.364801
-0.295844,0.487418,0.36702
-0.300301,0.478523,0.368031
-0.298474,0.487339,0.326597
-0.301665,0.477358,0.325899
-0.302479,0.466926,0.325738
-0.288274,0.476368,0.282474
-0.288448,0.465473,0.282776
-0.288638,0.454995,0.283406
-0.258531,0.465145,0.245504
-0.259011,0.454569,0.246244
-0.26015,0.444712,0.246448
-0.218145,0.455051,0.224441
-0.219094,0.445142,0.224091
-0.219902,0.435043,0.224003
-0.175839,0.444631,0.216104
-0.176971,0.434869,0.215415
-0.176763,0.428243,0.222226
-0.135247,0.432709,0.21013
-0.135146,0.426812,0.217068
-0.13458,0.425434,0.22775
-0.092995,0.425516,0.213102
-0.092896,0.42461,0.223763
-0.092942,0.420634,0.232601
-0.051277,0.423595,0.221971
-0.051198,0.419192,0.230191
-0.051671,0.410106,0.232284
-0.0098,0.416408,0.228947
-0.010264,0.407146,0.230488
-0.010826,0.397241,0.230674
0.031095,0.404568,0.230913
0.030855,0.393792,0.231109
0.030387,0.379569,0.231397
0.07304,0.393819,0.233245
0.072843,0.379925,0.23413
0.071791,0.342586,0.239694
0.115953,0.37922,0.237669
0.115217,0.342884,0.242072
0.114459,0.298989,0.244361
0.158933,0.342644,0.24517
0.158718,0.298488,0.247195
0.158017,0.253969,0.249773
0.200665,0.296744,0.252491
0.199533,0.252232,0.254422
0.198208,0.207624,0.255015
0.234208,0.249755,0.268171
0.232513,0.204792,0.26766
0.229304,0.159314,0.268546
0.255315,0.20177,0.294093
0.250952,0.156351,0.294415
0.245351,0.111218,0.29504
0.261702,0.15407,0.326523
0.255641,0.109232,0.326925
0.248956,0.065191,0.327653
0.254927,0.108496,0.361601
0.248541,0.064599,0.362131
0.241868,0.021996,0.362552
0.236333,0.065192,0.393014
0.228959,0.022911,0.392257
0.221758,-0.014599,0.389707
0.20841,0.024457,0.41476
0.20126,-0.01328,0.411365
0.195553,-0.042321,0.406228
0.172174,-0.009656,0.422274
0.167462,-0.038231,0.417814
0.136145,-0.005836,0.428667
0.133242,-0.032735,0.424859
0.096693,-0.003391,0.433895
0.095654,-0.029545,0.431044
0.094539,-0.047469,0.426541
0.057361,-0.02772,0.434832
0.056871,-0.046796,0.432065
0.018567,-0.026456,0.4375
0.017922,-0.045923,0.435806
-0.01949,-0.025342,0.439118
-0.020405,-0.045187,0.436793
-0.021355,-0.059992,0.432552
-0.056939,-0.044674,0.435919
-0.057418,-0.059409,0.430742
-0.092268,-0.0445,0.434228
-0.091908,-0.058658,0.428269
-0.127269,-0.04422,0.432036
-0.126171,-0.057568,0.4253
-0.158958,-0.044449,0.427739
-0.157154,-0.056967,0.42132
-0.183225,-0.045207,0.42105
-0.180803,-0.057511,0.415868
-0.178614,-0.066666,0.41091
-0.197292,-0.057104,0.40799
-0.194625,-0.064887,0.404203
-0.208814,-0.056977,0.396786
-0.205241,-0.063889,0.394919
-0.214899,-0.057243,0.379366
-0.212953,-0.045749,0.398776
-0.219442,-0.045911,0.380043
-0.221592,-0.046233,0.35659
-0.225176,-0.0277,0.380855
-0.227334,-0.029015,0.355077
-0.231405,0.002341,0.380838
-0.217566,-0.026667,0.401425
-0.222835,0.003445,0.403635
-0.229162,0.041395,0.404145
-0.20857,0.00429,0.421142
-0.214161,0.043263,0.422459
-0.219799,0.085702,0.422566
-0.193737,0.045598,0.433963
-0.198395,0.088611,0.434515
-0.20254,0.132371,0.434559
-0.169957,0.092138,0.438416
-0.17263,0.136107,0.438777
-0.174769,0.180099,0.438383
-0.135124,0.139771,0.440737
-0.135776,0.183862,0.440543
-0.13599,0.22761,0.440204
-0.093431,0.185946,0.442243
-0.092699,0.229616,0.441986
-0.091649,0.273073,0.441495
-0.049389,0.229625,0.442926
-0.047498,0.273184,0.442514
-0.045671,0.316159,0.442649
-0.003297,0.271098,0.442419
-0.000811,0.314308,0.442622
0.000252,0.350699,0.442577
0.043651,0.310917,0.441343
0.044567,0.34867,0.441623
0.043928,0.376294,0.441351
0.088733,0.346401,0.440231
0.087755,0.377208,0.440029
0.086886,0.394872,0.439531
0.131084,0.378132,0.438286
0.130247,0.396682,0.438211
0.129661,0.407998,0.439814
0.17275,0.395995,0.436238
0.172187,0.407634,0.437799
0.171544,0.416903,0.441
0.212181,0.407781,0.431358
0.212185,0.418071,0.434351
0.21327,0.424249,0.439445
0.248693,0.419049,0.419225
0.251791,0.425065,0.423121
0.257737,0.429498,0.430539
0.278109,0.426562,0.394971
0.28743,0.430234,0.400641
0.290891,0.438933,0.402976
0.303961,0.427597,0.361765
0.308846,0.436019,0.362664
0.309052,0.446202,0.362299
0.308815,0.434384,0.316078
0.309093,0.444728,0.316376
0.308663,0.455171,0.317359
0.289564,0.44448,0.273479
0.289328,0.454101,0.274034
0.289138,0.464206,0.274319
0.251533,0.452623,0.243137
0.251154,0.462661,0.242863
0.251089,0.472837,0.242599
0.205809,0.461477,0.225341
0.205249,0.472144,0.225387
0.204569,0.482355,0.225849
0.160644,0.471324,0.218421
0.160282,0.482083,0.21833
0.159181,0.490454,0.223754
0.118274,0.482036,0.214791
0.11766,0.490193,0.219831
0.076865,0.482498,0.210877
0.076598,0.490999,0.216018
0.075909,0.494139,0.225267
0.035019,0.491351,0.21342
0.034812,0.494151,0.223185
0.034474,0.49409,0.234492
-0.006907,0.494152,0.222532
-0.006676,0.494084,0.234161
-0.006464,0.493865,0.247358
-0.047119,0.494037,0.234465
-0.046414,0.493855,0.247307
-0.045569,0.493885,0.262722
-0.006285,0.494292,0.263076
-0.04446,0.494348,0.285918
-0.083966,0.493879,0.26314
-0.082087,0.494311,0.28614
-0.080504,0.494869,0.326957
-0.118815,0.493895,0.287212
-0.116407,0.494635,0.326771
-0.117284,0.494041,0.367768
-0.150993,0.494542,0.327094
-0.152009,0.493971,0.363854
-0.156189,0.49304,0.393037
-0.1827,0.493854,0.356433
-0.188938,0.493413,0.38312
-0.193705,0.493126,0.398649
-0.210577,0.493739,0.345804
-0.236449,0.494239,0.336784
-0.252274,0.494538,0.333213
-0.24392,0.494051,0.30608
-0.255904,0.494327,0.299651
-0.26611,0.494622,0.331119
-0.224212,0.494062,0.28176
-0.233846,0.494476,0.271122
-0.241548,0.494504,0.262251
-0.267991,0.494121,0.292777
-0.195815,0.494358,0.265419
-0.201771,0.494562,0.253244
-0.206416,0.494456,0.243377
-0.211082,0.49294,0.23267
-0.24922,0.493462,0.253594
-0.164223,0.494301,0.244448
-0.167019,0.493925,0.23362
-0.169619,0.492512,0.223423
-0.171768,0.485886,0.21607
-0.214757,0.487054,0.224572
-0.12745,0.49383,0.228351
-0.129201,0.492088,0.218008
-0.130561,0.48506,0.211643
-0.131415,0.47476,0.211056
-0.172927,0.475842,0.215104
-0.088861,0.491956,0.214235
-0.089752,0.484211,0.208132
-0.090372,0.473726,0.207893
-0.090978,0.462365,0.208174
-0.132192,0.463862,0.211589
-0.048868,0.483167,0.207065
-0.049251,0.472337,0.206702
-0.049544,0.4609,0.206951
-0.049795,0.44961,0.206748
-0.091616,0.450774,0.208201
-0.007685,0.471355,0.206666
-0.00795,0.459709,0.206673
-0.008189,0.448557,0.206628
-0.008363,0.438523,0.204546
-0.050151,0.439674,0.204271
0.034236,0.458542,0.208158
0.033955,0.447324,0.207818
0.033694,0.437555,0.205329
0.033232,0.428222,0.206865
-0.008624,0.429024,0.204781
0.076044,0.446932,0.21084
0.075965,0.436985,0.208177
0.075579,0.428246,0.209642
0.074706,0.424251,0.218252
0.032594,0.424236,0.214921
0.118432,0.438118,0.212907
0.118477,0.429437,0.214395
0.11759,0.425361,0.222558
0.116645,0.422551,0.231903
0.073708,0.421682,0.22779
0.162312,0.430199,0.217677
0.161332,0.426263,0.226828
0.160259,0.422818,0.236432
0.159762,0.414206,0.240199
0.116281,0.414425,0.236448
0.205544,0.426251,0.235457
0.203234,0.422285,0.244051
0.202173,0.413532,0.248152
0.201717,0.403567,0.249793
0.159499,0.403662,0.241366
0.242959,0.423378,0.259246
0.240202,0.414497,0.264482
0.239979,0.40365,0.265781
0.241223,0.39143,0.263416
0.201675,0.392529,0.250034
0.268494,0.417704,0.289133
0.268188,0.405083,0.289272
0.2698,0.391161,0.288189
0.270812,0.372589,0.2876
0.241927,0.374341,0.261586
0.282733,0.407061,0.322075
0.282634,0.392302,0.322663
0.28289,0.372623,0.323259
0.278051,0.333239,0.325059
0.264149,0.335041,0.29303
0.281537,0.393609,0.358495
0.281385,0.373442,0.359485
0.278676,0.333048,0.361072
0.275546,0.288745,0.361724
0.275268,0.289329,0.32637
0.270527,0.374507,0.393328
0.268286,0.334129,0.393737
0.264457,0.289179,0.392918
0.259851,0.244003,0.391689
0.271131,0.243672,0.361103
0.245831,0.335778,0.41803
0.243264,0.290477,0.417373
0.239054,0.245458,0.416184
0.234889,0.200438,0.416083
0.25561,0.198838,0.391613
0.212095,0.293074,0.43111
0.208947,0.248006,0.430862
0.204337,0.203149,0.428998
0.199424,0.158491,0.429342
0.229862,0.155502,0.416654
0.170964,0.251524,0.434487
0.166864,0.206903,0.433613
0.161884,0.162557,0.433855
0.156076,0.118746,0.43367
0.193606,0.114121,0.428498
0.123921,0.212241,0.436895
0.118834,0.168272,0.437162
0.112753,0.124737,0.437215
0.105847,0.081655,0.436996
0.149342,0.075592,0.433228
0.075726,0.174632,0.440041
0.069968,0.130945,0.439991
0.06389,0.086796,0.439691
0.059417,0.041161,0.438826
0.099823,0.03845,0.436224
0.028537,0.13613,0.442098
0.024065,0.090751,0.441608
0.020796,0.043858,0.440986
0.019123,-0.000213,0.439133
0.05782,-0.001707,0.436499
-0.015055,0.094046,0.443129
-0.017139,0.046562,0.442764
-0.018612,0.002193,0.440532
-0.054677,0.04961,0.442937
-0.055274,0.004569,0.440667
-0.056183,-0.024478,0.438501
-0.091745,0.00736,0.439981
-0.092128,-0.023755,0.437085
-0.128724,0.008992,0.438341
-0.127702,-0.022855,0.435796
-0.162646,0.008321,0.436368
-0.160485,-0.023894,0.433055
-0.189486,0.005895,0.432384
-0.185926,-0.025764,0.426855
-0.204477,-0.02663,0.416861
-0.200802,-0.045619,0.412132
-0.166224,0.048916,0.437992
-0.131365,0.051601,0.440272
-0.133792,0.095455,0.440486
-0.092562,0.051319,0.442011
-0.093508,0.096777,0.442278
-0.093866,0.141745,0.442781
-0.054127,0.096245,0.443329
-0.052911,0.14165,0.443895
-0.051236,0.185972,0.443489
-0.012211,0.139702,0.443717
-0.009132,0.184011,0.443115
-0.006078,0.227682,0.442685
0.033018,0.180194,0.441826
0.037252,0.223802,0.441351
0.040899,0.267422,0.441191
0.080533,0.218314,0.439618
0.084539,0.26224,0.439558
0.087586,0.306085,0.439902
0.128101,0.256453,0.437196
0.131037,0.300802,0.437665
0.132031,0.343243,0.438365
0.173968,0.296455,0.434943
0.174885,0.340264,0.435819
0.173916,0.377161,0.435901
0.213491,0.337736,0.430907
0.212929,0.376182,0.431162
0.212261,0.395531,0.430032
0.246374,0.375467,0.418685
0.245643,0.395049,0.416513
0.24631,0.408885,0.4166
0.269407,0.394564,0.391447
0.26926,0.408899,0.390512
0.272041,0.420168,0.39153
0.282628,0.408075,0.358175
0.28555,0.420053,0.358209
0.293167,0.424203,0.359718
0.285672,0.419049,0.321301
0.291162,0.422938,0.320164
0.303304,0.426854,0.317502
0.273841,0.42555,0.284757
0.282733,0.427213,0.278192
0.289139,0.434017,0.273553
0.246973,0.427794,0.252624
0.252627,0.43279,0.243524
0.252747,0.442786,0.242464
0.208254,0.430901,0.225717
0.2077,0.440582,0.224609
0.206493,0.450975,0.225425
0.16212,0.43946,0.216331
0.161621,0.449331,0.218062
0.161127,0.460243,0.218214
0.118188,0.448,0.214711
0.118244,0.459082,0.215162
0.118281,0.470793,0.21518
0.076278,0.458387,0.211427
0.076521,0.470703,0.211925
0.034547,0.470871,0.20884
0.034943,0.482552,0.208503
-0.007388,0.482656,0.206691
-0.007147,0.49125,0.212337
-0.048367,0.4915,0.212658
-0.047767,0.494075,0.222906
-0.087787,0.493974,0.224647
-0.08664,0.494061,0.23585
-0.12565,0.494096,0.239149
-0.123726,0.494109,0.250844
-0.085407,0.493886,0.24815
-0.121528,0.49403,0.265255
-0.161254,0.494317,0.255797
-0.157878,0.494135,0.26906
-0.15348,0.493941,0.290735
0.141975,0.033856,0.431723
0.17921,0.028309,0.425249
0.187097,0.070338,0.427827
0.21607,0.066901,0.416258
0.223154,0.110866,0.416593
0.242842,0.109147,0.392446
0.250119,0.153757,0.392098
0.261879,0.153045,0.361056
0.267375,0.198285,0.360788
0.266959,0.199315,0.326447
0.27099,0.244751,0.326579
0.258836,0.247008,0.294082
0.261962,0.291219,0.293748
0.236281,0.293984,0.267142
0.237473,0.338183,0.266964
0.201094,0.341285,0.252812
0.201936,0.375938,0.248025
0.159218,0.376524,0.241906
0.159289,0.392446,0.241921
0.116091,0.393558,0.237281
0.116198,0.404213,0.23699
0.073141,0.404378,0.232884
0.073196,0.414134,0.233009
0.031358,0.414338,0.229823
0.031867,0.421338,0.22389
-0.009552,0.42222,0.221983
-0.009142,0.424343,0.212744
-0.051095,0.424902,0.212091
-0.050659,0.430287,0.204568
-0.092878,0.43072,0.205096
-0.092327,0.440432,0.205663
-0.134016,0.442223,0.210519
-0.132906,0.452797,0.211815
-0.174766,0.45462,0.216393
-0.17388,0.465173,0.215689
-0.217275,0.465655,0.223997
-0.216359,0.476557,0.223333
-0.257922,0.476433,0.245127
-0.25574,0.487054,0.246613
-0.285256,0.486942,0.283865
-0.277725,0.492584,0.287782
-0.289632,0.492701,0.32759
-0.278317,0.494392,0.329051
-0.277012,0.494183,0.362198
-0.265318,0.494465,0.359089
-0.254409,0.493919,0.384326
0.089256,0.043027,0.250121
0.043087,0.0368,0.249572
0.047417,0.085502,0.248982
0.006884,0.085961,0.247428
0.011753,0.130242,0.247725
-0.031707,0.13213,0.24688
-0.028049,0.174671,0.246154
-0.072052,0.176594,0.246241
-0.068402,0.219155,0.244632
-0.111891,0.2208,0.245316
-0.107662,0.263835,0.244045
-0.150135,0.264718,0.245761
-0.145765,0.308317,0.243922
-0.184599,0.307862,0.246378
-0.181425,0.351371,0.244236
-0.216464,0.349912,0.251699
-0.215641,0.383165,0.248215
-0.244799,0.38172,0.268831
-0.244801,0.396766,0.267753
-0.265739,0.396159,0.297709
-0.266678,0.407915,0.29664
-0.275886,0.408152,0.332117
-0.280297,0.418311,0.331203
-0.280481,0.420628,0.366663
-0.289297,0.42467,0.367537
-0.279478,0.427889,0.40441
-0.284385,0.433731,0.406742
-0.255347,0.433309,0.436989
-0.255007,0.442086,0.437904
-0.216072,0.438186,0.455429
-0.214663,0.4472,0.453744
-0.173124,0.442728,0.46388
-0.171719,0.452183,0.461969
-0.129313,0.448381,0.467183
-0.128519,0.458892,0.465545
-0.086387,0.456253,0.469004
-0.085923,0.467205,0.466279
-0.044148,0.465369,0.468454
-0.043992,0.476378,0.465263
-0.002272,0.475748,0.465612
-0.002413,0.486164,0.461377
0.039803,0.485821,0.460702
0.039112,0.491517,0.452328
0.081533,0.491026,0.450846
0.080316,0.492026,0.440465
0.120993,0.491743,0.43724
0.119009,0.492187,0.425911
0.157862,0.492447,0.420764
0.154914,0.49284,0.408863
0.191262,0.493419,0.400349
0.186292,0.493839,0.38673
0.215405,0.494532,0.372646
